AGS,Name,buildings_newbuilding_energy_Umweltthermie_2016,buildings_newbuilding_energy_Umweltthermie_2017,buildings_newbuilding_energy_Umweltthermie_2018,buildings_newbuilding_energy_Umweltthermie_2019,buildings_newbuilding_energy_Umweltthermie_2020,buildings_newbuilding_energy_andere erneuerbare Energien_2016,buildings_newbuilding_energy_andere erneuerbare Energien_2017,buildings_newbuilding_energy_andere erneuerbare Energien_2018,buildings_newbuilding_energy_andere erneuerbare Energien_2019,buildings_newbuilding_energy_andere erneuerbare Energien_2020,buildings_newbuilding_energy_Gas_2016,buildings_newbuilding_energy_Gas_2017,buildings_newbuilding_energy_Gas_2018,buildings_newbuilding_energy_Gas_2019,buildings_newbuilding_energy_Gas_2020,buildings_newbuilding_energy_andere fossile Energie_2016,buildings_newbuilding_energy_andere fossile Energie_2017,buildings_newbuilding_energy_andere fossile Energie_2018,buildings_newbuilding_energy_andere fossile Energie_2019,buildings_newbuilding_energy_andere fossile Energie_2020,buildings_newbuilding_energy_Strom_2016,buildings_newbuilding_energy_Strom_2017,buildings_newbuilding_energy_Strom_2018,buildings_newbuilding_energy_Strom_2019,buildings_newbuilding_energy_Strom_2020,buildings_newbuilding_energy_renewables_2016,buildings_newbuilding_energy_renewables_2017,buildings_newbuilding_energy_renewables_2018,buildings_newbuilding_energy_renewables_2019,buildings_newbuilding_energy_renewables_2020,buildings_newbuilding_energy_fossils_2016,buildings_newbuilding_energy_fossils_2017,buildings_newbuilding_energy_fossils_2018,buildings_newbuilding_energy_fossils_2019,buildings_newbuilding_energy_fossils_2020,Unit
0,Deutschland,37200,46018,52501,56646,66481,27622,29190,31436,30491,30788,110439,105864,98898,98586,98726,155319,152338,152811,157185,161431,1310,1243,1569,1841,2424,64822,75208,83937,87137,97269,156629,153581,154380,159026,163855,kWh pro m²
1,Schleswig-Holstein,927,1196,1135,1395,1717,1234,1448,1384,1481,1687,7677,6129,5840,5923,5922,10257,7963,8262,8999,9171,62,81,65,222,135,2161,2644,2519,2876,3404,10319,8044,8327,9221,9306,kWh pro m²
2,Hamburg,208,318,332,395,433,354,232,542,261,180,2831,3426,4369,4119,3618,6471,6114,8673,8352,9766,13,9,12,40,72,562,550,874,656,613,6484,6123,8685,8392,9838,kWh pro m²
3,Niedersachsen,2106,2729,3383,3351,3917,1905,1619,1767,2012,1858,20007,17801,17132,17825,18972,21672,19559,18786,20041,21695,135,87,151,175,328,4011,4348,5150,5363,5775,21807,19646,18937,20216,22023,kWh pro m²
4,Bremen,19,92,34,123,33,59,27,8,7,53,898,840,1195,989,735,1504,1266,1756,1710,1340,1,0,7,3,0,78,119,42,130,86,1505,1266,1763,1713,1340,kWh pro m²
5,Nordrhein-Westfalen,5737,6853,7837,8765,10674,4627,4961,6238,6954,6401,22672,21977,19139,19759,17967,26905,27525,25279,25130,24520,278,260,301,279,468,10364,11814,14075,15719,17075,27183,27785,25580,25409,24988,kWh pro m²
6,Hessen,2986,3546,3985,4676,5066,1500,1747,1261,1451,1323,7202,8237,6154,5895,6403,11119,12373,10711,10229,11515,20,6,49,105,282,4486,5293,5246,6127,6389,11139,12379,10760,10334,11797,kWh pro m²
7,Rheinland-Pfalz,2668,3149,3917,4000,4596,1014,1175,1885,1441,1589,5131,4665,4677,4456,3920,6290,5606,6192,5917,5330,212,230,362,334,295,3682,4324,5802,5441,6185,6502,5836,6554,6251,5625,kWh pro m²
8,"Baden-Württemberg, Land",8641,10606,12315,12721,14799,5026,5063,5097,4649,4851,10369,10788,9456,8186,8436,15846,15286,14625,13904,15777,110,33,18,57,52,13667,15669,17412,17370,19650,15956,15319,14643,13961,15829,kWh pro m²
9,Bayern,9011,11779,12883,13918,16770,7819,8950,9471,8415,9207,16588,17366,15735,15342,16120,26077,28253,26950,26921,27018,196,276,363,359,421,16830,20729,22354,22333,25977,26273,28529,27313,27280,27439,kWh pro m²
10,Saarland,468,557,657,835,781,81,139,93,97,102,613,591,501,614,491,887,830,725,881,619,36,21,22,59,39,549,696,750,932,883,923,851,747,940,658,kWh pro m²
11,Berlin,277,297,435,454,501,613,596,288,689,370,2590,2351,3550,4072,3990,9237,9437,12258,15029,12954,26,13,14,5,32,890,893,723,1143,871,9263,9450,12272,15034,12986,kWh pro m²
12,Brandenburg,1127,1378,1666,1890,1871,973,978,1157,1024,973,5327,4472,4270,4206,4201,6741,6592,6901,6637,6304,33,54,24,39,62,2100,2356,2823,2914,2844,6774,6646,6925,6676,6366,kWh pro m²
13,Mecklenburg-Vorpommern,401,554,753,672,1130,427,518,415,318,503,2586,1979,2048,2061,3019,3537,3192,3398,3853,5277,38,77,44,36,99,828,1072,1168,990,1633,3575,3269,3442,3889,5376,kWh pro m²
14,Sachsen,1288,1338,1401,1588,1863,1126,1057,1073,1092,952,2847,2330,2198,2318,2351,5074,4355,4720,4961,6595,97,52,75,63,77,2414,2395,2474,2680,2815,5171,4407,4795,5024,6672,kWh pro m²
15,Sachsen-Anhalt,655,882,988,1103,1244,521,371,416,356,422,1571,1486,1221,1380,1123,1782,2054,1639,2206,1622,22,23,27,41,24,1176,1253,1404,1459,1666,1804,2077,1666,2247,1646,kWh pro m²
16,Thüringen,681,744,780,760,1086,343,309,341,244,317,1530,1426,1413,1441,1458,1920,1933,1936,2415,1928,31,21,35,24,38,1024,1053,1121,1004,1403,1951,1954,1971,2439,1966,kWh pro m²
31,"Braunschweig, Stat. Region",530,719,674,776,970,470,204,178,310,268,1921,1891,1887,1946,1842,2340,2226,2286,2526,2986,22,16,15,37,45,1000,923,852,1086,1238,2362,2242,2301,2563,3031,kWh pro m²
32,"Hannover, Stat. Region",561,703,864,977,913,285,297,323,462,284,2716,2721,2710,2614,2572,3231,3249,3562,3611,3464,34,16,19,49,20,846,1000,1187,1439,1197,3265,3265,3581,3660,3484,kWh pro m²
33,"Lüneburg, Stat. Region",675,700,1045,901,1050,586,425,500,495,491,5212,4163,3892,4421,4773,5475,4684,3995,4730,5113,40,27,56,43,81,1261,1125,1545,1396,1541,5515,4711,4051,4773,5194,kWh pro m²
34,"Weser-Ems, Stat. Region",340,607,800,697,984,564,693,766,745,815,10158,9026,8643,8844,9785,10626,9400,8943,9174,10132,39,28,61,46,182,904,1300,1566,1442,1799,10665,9428,9004,9220,10314,kWh pro m²
51,"Düsseldorf, Regierungsbezirk",1436,1585,1907,2006,2298,1269,1344,1266,1757,1285,4319,4425,3743,4420,3454,5621,6793,6380,6647,6207,80,34,61,68,171,2705,2929,3173,3763,3583,5701,6827,6441,6715,6378,kWh pro m²
53,"Köln, Regierungsbezirk",1870,2130,2406,2923,3429,1145,1276,1799,1970,1996,7130,5956,5201,5641,5006,8632,7602,7382,7034,6415,84,101,94,110,109,3015,3406,4205,4893,5425,8716,7703,7476,7144,6524,kWh pro m²
55,"Münster, Regierungsbezirk",659,1041,999,1088,1437,697,849,1385,1263,1290,5018,5392,4342,4317,4133,5778,6248,5051,5263,5406,54,50,43,36,57,1356,1890,2384,2351,2727,5832,6298,5094,5299,5463,kWh pro m²
57,"Detmold, Regierungsbezirk",920,1071,1244,1331,1901,624,669,876,939,710,3024,2823,2435,2142,2536,3497,3185,2790,2586,3020,40,24,45,27,37,1544,1740,2120,2270,2611,3537,3209,2835,2613,3057,kWh pro m²
59,"Arnsberg, Regierungsbezirk",852,1026,1281,1417,1609,892,823,912,1025,1120,3181,3381,3418,3239,2838,3377,3697,3676,3600,3472,20,51,58,38,94,1744,1849,2193,2442,2729,3397,3748,3734,3638,3566,kWh pro m²
64,"Darmstadt, Regierungsbezirk",1846,2288,2353,2968,3078,1127,1366,836,1087,726,4868,6222,4194,4268,4467,7945,9768,7806,7893,8554,19,4,40,73,197,2973,3654,3189,4055,3804,7964,9772,7846,7966,8751,kWh pro m²
65,"Gießen, Regierungsbezirk",592,649,814,873,1005,209,231,255,146,398,1020,985,837,819,934,1773,1510,1455,1322,1513,0,1,4,13,47,801,880,1069,1019,1403,1773,1511,1459,1335,1560,kWh pro m²
66,"Kassel, Regierungsbezirk",548,609,818,835,983,164,150,170,218,199,1314,1030,1123,808,1002,1401,1095,1450,1014,1448,1,1,5,19,38,712,759,988,1053,1182,1402,1096,1455,1033,1486,kWh pro m²
71,"Koblenz, Stat. Region",867,1103,1340,1510,2176,314,374,506,415,541,1482,1622,1636,1425,1700,1614,1829,1829,1524,1841,81,92,93,116,138,1181,1477,1846,1925,2717,1695,1921,1922,1640,1979,kWh pro m²
72,"Trier, Stat. Region",733,795,879,888,923,406,440,801,723,630,350,278,302,285,294,433,383,415,369,574,69,40,130,48,79,1139,1235,1680,1611,1553,502,423,545,417,653,kWh pro m²
73,"Rheinhessen-Pfalz, Stat. Region",1068,1251,1698,1602,1497,294,361,578,303,418,3299,2765,2739,2746,1926,4243,3394,3948,4024,2915,62,98,139,170,78,1362,1612,2276,1905,1915,4305,3492,4087,4194,2993,kWh pro m²
81,"Stuttgart, Regierungsbezirk",2765,3336,4212,4389,5218,1974,1704,1967,1771,1609,3923,4160,3743,2955,3199,5904,5630,5331,4599,4938,26,10,8,9,28,4739,5040,6179,6160,6827,5930,5640,5339,4608,4966,kWh pro m²
82,"Karlsruhe, Regierungsbezirk",1874,2580,2909,2809,3321,558,437,527,422,629,2017,2152,1827,1530,1807,3869,3584,3505,3046,4534,40,9,1,1,1,2432,3017,3436,3231,3950,3909,3593,3506,3047,4535,kWh pro m²
83,"Freiburg, Regierungsbezirk",1945,2296,2453,2569,3221,1265,1586,1458,1207,1409,2327,2480,2163,1944,2133,3220,3394,3090,3257,3618,22,1,5,10,16,3210,3882,3911,3776,4630,3242,3395,3095,3267,3634,kWh pro m²
84,"Tübingen, Regierungsbezirk",2057,2394,2741,2954,3039,1229,1336,1145,1249,1204,2102,1996,1723,1757,1297,2853,2678,2699,3002,2687,22,13,4,37,7,3286,3730,3886,4203,4243,2875,2691,2703,3039,2694,kWh pro m²
91,"Oberbayern, Regierungsbezirk",3206,4084,4585,4860,5580,3077,3610,3896,3372,3449,5997,6024,5867,5795,5521,11753,12631,13126,12823,11548,67,74,116,88,92,6283,7694,8481,8232,9029,11820,12705,13242,12911,11640,kWh pro m²
92,"Niederbayern, Regierungsbezirk",878,1445,1459,1937,2325,1074,1245,1217,1255,1267,2142,2288,1786,1791,2292,2637,2985,2203,2334,2976,21,40,29,42,44,1952,2690,2676,3192,3592,2658,3025,2232,2376,3020,kWh pro m²
93,"Oberpfalz, Regierungsbezirk",968,1222,1387,1293,1851,830,1097,829,740,712,1507,1671,1618,1556,1422,2034,2028,2372,2421,2638,13,36,28,53,55,1798,2319,2216,2033,2563,2047,2064,2400,2474,2693,kWh pro m²
94,"Oberfranken, Regierungsbezirk",450,729,758,988,1056,202,489,328,317,420,581,720,557,937,922,775,888,806,1193,1292,20,18,19,22,42,652,1218,1086,1305,1476,795,906,825,1215,1334,kWh pro m²
95,"Mittelfranken, Regierungsbezirk",1125,1252,1429,1588,1915,647,555,794,643,954,2161,2548,1908,1687,2114,3161,3933,2873,3362,3387,17,18,38,39,38,1772,1807,2223,2231,2869,3178,3951,2911,3401,3425,kWh pro m²
96,"Unterfranken, Regierungsbezirk",918,1218,1271,1179,1649,382,559,557,414,614,1575,1435,1061,1075,1077,1754,1689,1675,1332,1499,21,14,26,31,50,1300,1777,1828,1593,2263,1775,1703,1701,1363,1549,kWh pro m²
97,"Schwaben, Regierungsbezirk",1466,1829,1994,2073,2394,1607,1395,1850,1674,1791,2625,2680,2938,2501,2772,3963,4099,3895,3456,3678,37,76,107,84,100,3073,3224,3844,3747,4185,4000,4175,4002,3540,3778,kWh pro m²
141,"Chemnitz, Regierungsbezirk",0,0,0,0,0,0,0,0,0,0,0,0,0,0,0,0,0,0,0,0,0,0,0,0,0,0,0,0,0,0,0,0,0,0,0,kWh pro m²
142,"Dresden, Regierungsbezirk",0,0,0,0,0,0,0,0,0,0,0,0,0,0,0,0,0,0,0,0,0,0,0,0,0,0,0,0,0,0,0,0,0,0,0,kWh pro m²
143,"Leipzig, Regierungsbezirk",0,0,0,0,0,0,0,0,0,0,0,0,0,0,0,0,0,0,0,0,0,0,0,0,0,0,0,0,0,0,0,0,0,0,0,kWh pro m²
145,"Chemnitz, Stat. Region",379,410,490,466,604,307,309,317,287,286,813,682,745,605,658,909,851,985,884,802,14,27,41,26,46,686,719,807,753,890,923,878,1026,910,848,kWh pro m²
146,"Dresden, Stat. Region",460,505,529,528,588,551,393,438,478,357,979,908,767,669,978,2881,2256,2117,2206,3141,71,20,20,16,14,1011,898,967,1006,945,2952,2276,2137,2222,3155,kWh pro m²
147,"Leipzig, Stat. Region",449,423,382,594,671,268,355,318,327,309,1055,740,686,1044,715,1284,1248,1618,1871,2652,12,5,14,21,17,717,778,700,921,980,1296,1253,1632,1892,2669,kWh pro m²
151,"Dessau, Stat. Region",0,0,0,0,0,0,0,0,0,0,0,0,0,0,0,0,0,0,0,0,0,0,0,0,0,0,0,0,0,0,0,0,0,0,0,kWh pro m²
152,"Halle, Stat. Region",0,0,0,0,0,0,0,0,0,0,0,0,0,0,0,0,0,0,0,0,0,0,0,0,0,0,0,0,0,0,0,0,0,0,0,kWh pro m²
153,"Magdeburg, Stat. Region",0,0,0,0,0,0,0,0,0,0,0,0,0,0,0,0,0,0,0,0,0,0,0,0,0,0,0,0,0,0,0,0,0,0,0,kWh pro m²
1001,"Flensburg, kreisfreie Stadt",5,2,7,0,5,3,3,20,22,4,11,3,7,1,0,273,215,769,419,651,0,0,1,0,0,8,5,27,22,9,273,215,770,419,651,kWh pro m²
1002,"Kiel, Landeshauptstadt, kreisfreie Stadt",1,16,12,13,6,79,14,4,19,5,96,66,194,54,89,414,276,290,404,249,0,0,0,1,11,80,30,16,32,11,414,276,290,405,260,kWh pro m²
1003,"Lübeck, Hansestadt, kreisfreie Stadt",30,10,13,8,27,116,11,18,12,37,435,215,329,452,546,690,350,390,790,840,4,0,0,0,6,146,21,31,20,64,694,350,390,790,846,kWh pro m²
1004,"Neumünster, kreisfreie Stadt",0,7,6,5,21,0,1,3,57,12,63,83,75,46,86,104,128,157,104,127,0,0,2,1,5,0,8,9,62,33,104,128,159,105,132,kWh pro m²
1051,"Dithmarschen, Landkreis",49,54,116,77,152,53,45,53,79,44,298,172,204,421,295,316,185,206,432,310,1,4,3,16,11,102,99,169,156,196,317,189,209,448,321,kWh pro m²
1053,"Herzogtum Lauenburg, Landkreis",64,107,57,16,158,93,113,76,12,206,548,679,444,115,706,752,800,573,418,1133,4,2,0,1,2,157,220,133,28,364,756,802,573,419,1135,kWh pro m²
1054,"Nordfriesland, Landkreis",83,132,91,144,113,249,446,412,343,396,707,556,511,506,426,897,641,651,686,558,8,30,12,67,34,332,578,503,487,509,905,671,663,753,592,kWh pro m²
1055,"Ostholstein, Landkreis",97,84,100,168,218,79,51,119,79,62,871,612,549,704,630,981,699,576,742,685,10,4,13,71,11,176,135,219,247,280,991,703,589,813,696,kWh pro m²
1056,"Pinneberg, Landkreis",152,161,145,171,175,90,259,143,182,223,937,955,759,780,764,1232,1226,970,1063,1030,9,2,13,27,12,242,420,288,353,398,1241,1228,983,1090,1042,kWh pro m²
1057,"Plön, Landkreis",29,84,55,93,97,67,37,78,30,56,287,202,271,168,237,333,213,281,178,330,1,1,4,4,11,96,121,133,123,153,334,214,285,182,341,kWh pro m²
1058,"Rendsburg-Eckernförde, Landkreis",32,71,102,152,200,66,86,75,185,124,427,501,537,680,413,499,679,819,741,451,4,8,4,16,6,98,157,177,337,324,503,687,823,757,457,kWh pro m²
1059,"Schleswig-Flensburg, Landkreis",95,172,132,208,236,126,163,141,231,244,594,506,487,337,335,820,751,790,794,764,7,19,7,8,13,221,335,273,439,480,827,770,797,802,777,kWh pro m²
1060,"Segeberg, Landkreis",99,137,145,214,118,87,77,55,88,107,1149,731,827,873,750,1617,868,1007,1388,1166,3,2,2,5,7,186,214,200,302,225,1620,870,1009,1393,1173,kWh pro m²
1061,"Steinburg, Landkreis",35,52,51,49,54,26,37,62,32,42,285,214,179,224,196,291,217,203,224,199,3,3,3,5,3,61,89,113,81,96,294,220,206,229,202,kWh pro m²
1062,"Stormarn, Landkreis",156,107,103,77,137,100,105,125,110,125,969,634,467,562,449,1038,715,580,616,678,8,6,1,0,3,256,212,228,187,262,1046,721,581,616,681,kWh pro m²
3101,"Braunschweig, kreisfreie Stadt",28,23,50,47,72,8,3,13,145,21,204,85,232,90,212,307,122,395,215,606,0,0,0,1,1,36,26,63,192,93,307,122,395,216,607,kWh pro m²
3102,"Salzgitter, kreisfreie Stadt",8,19,7,15,14,2,2,1,3,5,62,70,55,89,99,62,91,55,89,99,0,0,0,0,1,10,21,8,18,19,62,91,55,89,100,kWh pro m²
3103,"Wolfsburg, kreisfreie Stadt",129,52,32,14,38,180,14,11,0,28,74,42,23,15,31,326,204,183,357,611,1,0,0,0,2,309,66,43,14,66,327,204,183,357,613,kWh pro m²
3151,"Gifhorn, Landkreis",88,170,156,164,203,43,44,52,37,45,509,640,490,530,482,528,695,531,548,564,4,5,8,5,6,131,214,208,201,248,532,700,539,553,570,kWh pro m²
3152,"Göttingen, Landkreis",0,0,0,0,0,0,0,0,0,0,0,0,0,0,0,0,0,0,0,0,0,0,0,0,0,0,0,0,0,0,0,0,0,0,0,kWh pro m²
3153,"Goslar, Landkreis",13,16,13,44,26,31,2,11,6,4,57,41,29,56,46,57,41,29,56,46,0,1,0,9,0,44,18,24,50,30,57,42,29,65,46,kWh pro m²
3154,"Helmstedt, Landkreis",52,41,60,78,77,14,18,12,32,20,157,168,206,134,160,158,169,208,135,161,2,2,0,4,14,66,59,72,110,97,160,171,208,139,175,kWh pro m²
3155,"Northeim, Landkreis",27,49,62,87,83,9,17,19,10,8,74,131,87,144,65,79,131,87,144,69,2,2,0,1,4,36,66,81,97,91,81,133,87,145,73,kWh pro m²
3156,"Osterode am Harz, Landkreis",0,0,0,0,0,0,0,0,0,0,0,0,0,0,0,0,0,0,0,0,0,0,0,0,0,0,0,0,0,0,0,0,0,0,0,kWh pro m²
3157,"Peine, Landkreis",78,156,110,151,203,32,51,14,37,40,327,386,353,417,329,328,386,354,420,333,0,2,0,11,3,110,207,124,188,243,328,388,354,431,336,kWh pro m²
3158,"Wolfenbüttel, Landkreis",23,44,50,74,78,16,4,10,14,7,166,129,188,215,192,168,129,188,215,197,0,2,4,2,9,39,48,60,88,85,168,131,192,217,206,kWh pro m²
3159,"Göttingen, Landkreis",84,149,134,102,176,135,49,35,26,90,291,199,224,256,226,327,258,256,347,300,13,2,3,4,5,219,198,169,128,266,340,260,259,351,305,kWh pro m²
3241,"Region Hannover, Landkreis",312,416,470,503,388,162,177,160,306,118,1345,1554,1424,1268,1400,1745,1989,2081,2107,2169,29,8,8,44,8,474,593,630,809,506,1774,1997,2089,2151,2177,kWh pro m²
3251,"Diepholz, Landkreis",71,59,104,93,116,15,56,79,74,64,601,508,504,560,503,605,511,510,601,508,2,1,1,2,2,86,115,183,167,180,607,512,511,603,510,kWh pro m²
3252,"Hameln-Pyrmont, Landkreis",25,43,31,43,52,14,5,6,3,7,62,60,60,65,61,63,80,62,130,81,1,0,1,0,0,39,48,37,46,59,64,80,63,130,81,kWh pro m²
3254,"Hildesheim, Landkreis",71,71,100,123,134,20,28,32,25,25,255,222,217,281,278,337,284,371,302,368,1,4,1,0,3,91,99,132,148,159,338,288,372,302,371,kWh pro m²
3255,"Holzminden, Landkreis",29,12,18,32,25,8,2,4,3,3,16,7,40,14,13,17,8,40,15,16,0,0,0,1,0,37,14,22,35,28,17,8,40,16,16,kWh pro m²
3256,"Nienburg (Weser), Landkreis",25,35,33,40,33,33,13,15,32,17,257,167,239,233,163,281,169,267,255,166,0,0,0,2,1,58,48,48,72,50,281,169,267,257,167,kWh pro m²
3257,"Schaumburg, Landkreis",28,67,108,143,165,33,16,27,19,50,180,203,226,193,154,183,208,231,201,156,1,3,8,0,6,61,83,135,162,215,184,211,239,201,162,kWh pro m²
3351,"Celle, Landkreis",65,50,121,100,176,51,21,51,57,47,345,229,338,262,385,349,230,342,266,388,2,5,6,10,14,116,71,172,157,223,351,235,348,276,402,kWh pro m²
3352,"Cuxhaven, Landkreis",36,55,57,114,71,92,49,38,44,28,610,568,446,577,506,625,574,447,583,512,2,1,3,17,4,128,104,95,158,99,627,575,450,600,516,kWh pro m²
3353,"Harburg, Landkreis",193,178,190,203,207,133,55,45,118,57,1092,713,547,889,1049,1127,721,553,970,1136,5,6,4,5,17,326,233,235,321,264,1132,727,557,975,1153,kWh pro m²
3354,"Lüchow-Dannenberg, Landkreis",9,24,34,18,14,26,8,12,15,41,41,5,18,40,30,47,6,23,54,60,1,1,1,1,7,35,32,46,33,55,48,7,24,55,67,kWh pro m²
3355,"Lüneburg, Landkreis",70,61,53,3,61,53,94,102,22,4,477,395,377,83,329,559,806,394,123,371,5,1,1,0,2,123,155,155,25,65,564,807,395,123,373,kWh pro m²
3356,"Osterholz, Landkreis",17,26,59,46,34,17,19,20,31,22,286,320,267,357,324,287,328,278,438,348,3,0,3,0,2,34,45,79,77,56,290,328,281,438,350,kWh pro m²
3357,"Rotenburg (Wümme), Landkreis",36,70,85,103,109,29,53,43,46,78,586,537,467,486,451,599,547,475,513,505,3,2,2,2,15,65,123,128,149,187,602,549,477,515,520,kWh pro m²
3358,"Heidekreis, Landkreis",55,32,52,44,121,38,15,44,15,52,310,212,211,274,485,328,220,221,275,539,0,3,3,2,9,93,47,96,59,173,328,223,224,277,548,kWh pro m²
3359,"Stade, Landkreis",146,140,341,177,157,50,54,82,56,94,831,738,814,768,851,898,798,841,818,889,10,3,4,0,4,196,194,423,233,251,908,801,845,818,893,kWh pro m²
3360,"Uelzen, Landkreis",21,29,17,49,75,29,4,6,13,13,200,70,152,146,101,205,71,152,148,102,0,5,2,1,3,50,33,23,62,88,205,76,154,149,105,kWh pro m²
3361,"Verden, Landkreis",27,35,36,44,25,68,53,57,78,55,434,376,255,539,262,451,383,269,542,263,9,0,27,5,4,95,88,93,122,80,460,383,296,547,267,kWh pro m²
3401,"Delmenhorst, kreisfreie Stadt",3,14,4,15,16,21,16,25,57,16,154,113,176,134,126,154,113,176,134,126,0,0,0,0,0,24,30,29,72,32,154,113,176,134,126,kWh pro m²
3402,"Emden, kreisfreie Stadt",0,0,1,0,7,0,1,2,0,12,64,86,43,23,30,108,112,52,23,54,3,1,0,0,0,0,1,3,0,19,111,113,52,23,54,kWh pro m²
3403,"Oldenburg (Oldenburg), kreisfreie Stadt",21,37,57,11,105,154,151,11,37,32,925,762,843,729,891,1080,822,918,771,1008,3,0,0,5,14,175,188,68,48,137,1083,822,918,776,1022,kWh pro m²
3404,"Osnabrück, kreisfreie Stadt",14,7,26,14,1,19,30,50,3,0,505,216,276,104,4,559,276,277,118,4,0,0,0,0,0,33,37,76,17,1,559,276,277,118,4,kWh pro m²
3405,"Wilhelmshaven, kreisfreie Stadt",5,6,1,4,40,2,2,0,7,0,72,68,62,32,47,72,68,62,32,47,0,0,1,0,0,7,8,1,11,40,72,68,63,32,47,kWh pro m²
3451,"Ammerland, Landkreis",14,15,96,86,14,14,29,27,73,51,593,503,531,770,632,596,503,534,775,661,2,0,4,4,4,28,44,123,159,65,598,503,538,779,665,kWh pro m²
3452,"Aurich, Landkreis",7,15,5,17,29,30,16,21,30,42,708,677,521,591,678,720,687,528,598,686,4,7,1,2,6,37,31,26,47,71,724,694,529,600,692,kWh pro m²
3453,"Cloppenburg, Landkreis",47,64,46,39,62,38,118,65,65,68,1074,952,1050,880,1076,1121,971,1068,951,1085,7,0,20,6,11,85,182,111,104,130,1128,971,1088,957,1096,kWh pro m²
3454,"Emsland, Landkreis",61,52,79,83,121,67,102,121,118,138,1640,1685,1406,1653,1814,1681,1750,1423,1691,1839,5,7,10,10,21,128,154,200,201,259,1686,1757,1433,1701,1860,kWh pro m²
3455,"Friesland, Landkreis",12,25,36,29,42,12,8,13,27,31,477,403,466,390,475,479,405,472,391,476,3,0,7,6,99,24,33,49,56,73,482,405,479,397,575,kWh pro m²
3456,"Grafschaft Bentheim, Landkreis",13,43,47,43,50,17,29,45,39,104,475,590,349,413,600,490,663,390,434,651,4,4,8,9,1,30,72,92,82,154,494,667,398,443,652,kWh pro m²
3457,"Leer, Landkreis",8,36,29,33,55,23,27,61,41,32,770,741,541,629,640,772,745,541,643,641,1,5,2,0,9,31,63,90,74,87,773,750,543,643,650,kWh pro m²
3458,"Oldenburg, Landkreis",18,34,53,23,42,14,21,66,44,32,387,333,465,423,448,394,338,467,428,458,2,0,3,0,4,32,55,119,67,74,396,338,470,428,462,kWh pro m²
3459,"Osnabrück, Landkreis",87,180,221,231,304,79,76,143,98,159,924,826,728,764,955,986,867,846,862,987,1,2,3,1,3,166,256,364,329,463,987,869,849,863,990,kWh pro m²
3460,"Vechta, Landkreis",11,51,71,58,60,55,42,64,68,58,948,726,818,892,815,964,730,819,893,846,4,1,2,1,6,66,93,135,126,118,968,731,821,894,852,kWh pro m²
3461,"Wesermarsch, Landkreis",6,7,24,9,29,6,10,37,18,24,154,126,164,163,227,160,129,166,168,235,0,1,0,2,3,12,17,61,27,53,160,130,166,170,238,kWh pro m²
3462,"Wittmund, Landkreis",13,21,4,2,7,13,15,15,20,16,288,219,204,254,327,290,221,204,262,328,0,0,0,0,1,26,36,19,22,23,290,221,204,262,329,kWh pro m²
4011,"Bremen, kreisfreie Stadt",15,88,21,122,30,59,25,7,6,53,762,640,965,736,572,1366,1066,1494,1255,1144,0,0,6,2,0,74,113,28,128,83,1366,1066,1500,1257,1144,kWh pro m²
4012,"Bremerhaven, kreisfreie Stadt",4,4,13,1,3,0,2,1,1,0,136,200,230,253,163,138,200,262,455,196,1,0,1,1,0,4,6,14,2,3,139,200,263,456,196,kWh pro m²
5111,"Düsseldorf, kreisfreie Stadt",75,44,96,45,81,166,77,168,339,86,496,624,439,432,272,1174,1688,1508,1390,1564,0,3,0,2,7,241,121,264,384,167,1174,1691,1508,1392,1571,kWh pro m²
5112,"Duisburg, kreisfreie Stadt",32,90,59,112,156,14,53,86,59,44,149,202,168,213,108,251,396,566,406,195,0,1,1,8,4,46,143,145,171,200,251,397,567,414,199,kWh pro m²
5113,"Essen, kreisfreie Stadt",63,116,121,79,92,60,166,80,43,24,250,463,421,290,237,306,601,593,749,816,4,3,1,0,14,123,282,201,122,116,310,604,594,749,830,kWh pro m²
5114,"Krefeld, kreisfreie Stadt",18,81,59,69,58,32,28,17,93,12,121,122,63,85,145,142,245,158,85,183,0,0,1,0,0,50,109,76,162,70,142,245,159,85,183,kWh pro m²
5116,"Mönchengladbach, kreisfreie Stadt",92,91,69,184,165,99,104,56,189,73,371,266,105,189,393,395,278,106,195,399,0,2,3,4,13,191,195,125,373,238,395,280,109,199,412,kWh pro m²
5117,"Mülheim an der Ruhr, kreisfreie Stadt",17,50,87,43,46,8,35,38,29,77,78,158,79,206,99,83,160,250,240,202,0,1,0,0,1,25,85,125,72,123,83,161,250,240,203,kWh pro m²
5119,"Oberhausen, kreisfreie Stadt",26,15,32,77,80,15,27,7,111,34,138,76,100,87,29,161,265,258,183,164,13,1,0,0,12,41,42,39,188,114,174,266,258,183,176,kWh pro m²
5120,"Remscheid, kreisfreie Stadt",12,46,42,14,14,27,17,54,25,16,118,77,154,62,33,120,78,154,62,33,1,0,2,1,2,39,63,96,39,30,121,78,156,63,35,kWh pro m²
5122,"Solingen, kreisfreie Stadt",40,49,36,79,58,41,27,21,9,58,79,216,188,113,159,79,218,200,148,171,0,0,1,2,2,81,76,57,88,116,79,218,201,150,173,kWh pro m²
5124,"Wuppertal, kreisfreie Stadt",71,31,58,16,25,162,59,52,77,36,72,47,96,146,151,108,58,164,166,216,0,1,6,2,63,233,90,110,93,61,108,59,170,168,279,kWh pro m²
5154,"Kleve, Kreis",320,359,343,379,442,215,281,206,192,312,395,450,473,417,249,419,487,512,498,252,16,1,13,8,3,535,640,549,571,754,435,488,525,506,255,kWh pro m²
5158,"Mettmann, Kreis",111,127,178,175,162,80,104,49,67,113,521,493,423,756,495,560,540,433,855,495,3,6,3,5,5,191,231,227,242,275,563,546,436,860,500,kWh pro m²
5162,Rhein-Kreis Neuss,263,115,191,192,275,201,163,152,251,144,918,602,513,729,649,995,834,662,791,699,28,3,13,20,8,464,278,343,443,419,1023,837,675,811,707,kWh pro m²
5166,"Viersen, Kreis",86,150,271,260,238,42,44,132,96,91,123,314,256,242,204,139,354,296,266,289,4,5,2,11,33,128,194,403,356,329,143,359,298,277,322,kWh pro m²
5170,"Wesel, Kreis",210,221,265,282,406,107,159,148,177,165,490,315,265,453,231,689,591,520,613,529,11,7,15,5,4,317,380,413,459,571,700,598,535,618,533,kWh pro m²
5314,"Bonn, kreisfreie Stadt",99,56,126,119,82,50,85,139,121,131,749,535,452,310,587,1029,864,626,500,701,1,10,11,0,0,149,141,265,240,213,1030,874,637,500,701,kWh pro m²
5315,"Köln, kreisfreie Stadt",174,218,212,87,416,160,95,566,154,328,1980,872,1054,1265,693,2694,1557,2473,1701,1054,10,2,2,6,3,334,313,778,241,744,2704,1559,2475,1707,1057,kWh pro m²
5316,"Leverkusen, kreisfreie Stadt",15,49,20,51,76,30,19,20,2,19,59,233,121,71,178,77,294,204,130,325,0,1,2,3,0,45,68,40,53,95,77,295,206,133,325,kWh pro m²
5334,Städteregion Aachen (einschl. Stadt Aachen),229,176,309,324,259,45,250,140,300,77,657,708,968,581,757,787,881,994,751,832,6,4,5,7,17,274,426,449,624,336,793,885,999,758,849,kWh pro m²
5354,"Aachen, Kreis",0,0,0,0,0,0,0,0,0,0,0,0,0,0,0,0,0,0,0,0,0,0,0,0,0,0,0,0,0,0,0,0,0,0,0,kWh pro m²
5358,"Düren, Kreis",150,263,343,269,433,38,70,42,80,58,449,388,345,350,481,482,451,373,427,524,20,3,8,10,15,188,333,385,349,491,502,454,381,437,539,kWh pro m²
5362,Rhein-Erft-Kreis,214,191,279,468,406,113,108,154,151,157,675,771,452,697,568,790,865,584,1002,921,16,13,28,10,22,327,299,433,619,563,806,878,612,1012,943,kWh pro m²
5366,"Euskirchen, Kreis",101,122,196,261,304,74,96,200,152,254,321,252,364,426,293,337,261,404,454,421,7,5,6,6,7,175,218,396,413,558,344,266,410,460,428,kWh pro m²
5370,"Heinsberg, Kreis",249,425,219,393,463,199,187,223,362,205,427,459,303,443,288,543,597,509,518,417,5,20,8,41,18,448,612,442,755,668,548,617,517,559,435,kWh pro m²
5374,Oberbergischer Kreis,80,105,121,198,158,63,45,42,82,72,248,152,95,246,212,266,166,102,253,213,7,3,0,8,2,143,150,163,280,230,273,169,102,261,215,kWh pro m²
5378,Rheinisch-Bergischer Kreis,154,98,150,212,272,126,84,62,176,127,602,399,270,528,336,640,456,308,532,345,5,4,9,10,13,280,182,212,388,399,645,460,317,542,358,kWh pro m²
5382,Rhein-Sieg-Kreis,405,427,431,541,560,247,237,211,390,568,963,1187,777,724,613,987,1210,805,766,662,7,36,15,9,12,652,664,642,931,1128,994,1246,820,775,674,kWh pro m²
5512,"Bottrop, kreisfreie Stadt",21,129,91,106,79,32,12,40,31,35,19,60,39,71,19,79,78,73,141,119,0,3,4,0,0,53,141,131,137,114,79,81,77,141,119,kWh pro m²
5513,"Gelsenkirchen, kreisfreie Stadt",25,164,19,39,73,16,14,88,50,21,92,269,80,39,73,99,334,138,40,113,0,2,0,0,2,41,178,107,89,94,99,336,138,40,115,kWh pro m²
5515,"Münster, kreisfreie Stadt",60,42,30,40,75,149,110,81,224,210,758,602,375,644,459,1230,1087,739,1229,1188,0,1,0,5,1,209,152,111,264,285,1230,1088,739,1234,1189,kWh pro m²
5554,"Borken, Kreis",197,174,234,307,327,89,106,163,253,227,1128,1250,874,872,896,1156,1268,928,917,920,9,14,15,12,12,286,280,397,560,554,1165,1282,943,929,932,kWh pro m²
5558,"Coesfeld, Kreis",88,109,125,129,137,149,233,290,218,206,547,349,410,484,376,558,349,431,488,456,9,3,1,2,14,237,342,415,347,343,567,352,432,490,470,kWh pro m²
5562,"Recklinghausen, Kreis",89,107,181,144,215,58,83,192,114,168,542,593,636,540,413,706,810,792,748,646,4,6,8,5,2,147,190,373,258,383,710,816,800,753,648,kWh pro m²
5566,"Steinfurt, Kreis",105,218,202,142,275,143,229,335,271,295,1343,1582,1333,1102,1407,1356,1632,1350,1131,1455,24,12,14,10,20,248,447,537,413,570,1380,1644,1364,1141,1475,kWh pro m²
5570,"Warendorf, Kreis",74,98,117,181,256,61,62,196,102,128,589,687,595,565,490,594,690,600,569,509,8,9,1,2,6,135,160,313,283,384,602,699,601,571,515,kWh pro m²
5711,"Bielefeld, kreisfreie Stadt",96,106,143,148,245,62,69,217,99,119,329,349,468,252,363,586,445,643,383,492,0,3,1,9,2,158,175,360,247,364,586,448,644,392,494,kWh pro m²
5754,"Gütersloh, Kreis",192,162,155,201,259,245,210,245,379,240,813,839,589,661,787,831,879,651,787,809,19,2,8,0,3,437,372,400,580,499,850,881,659,787,812,kWh pro m²
5758,"Herford, Kreis",116,185,150,159,242,34,39,47,38,40,325,312,226,225,281,337,333,236,240,300,2,5,5,1,4,150,224,197,197,282,339,338,241,241,304,kWh pro m²
5762,"Höxter, Kreis",60,62,110,81,117,17,15,14,11,5,126,91,104,88,85,129,98,111,93,86,1,2,3,4,2,77,77,124,92,122,130,100,114,97,88,kWh pro m²
5766,"Lippe, Kreis",93,110,109,180,176,50,39,40,88,64,258,295,189,224,274,375,402,263,375,458,11,4,21,2,4,143,149,149,268,240,386,406,284,377,462,kWh pro m²
5770,"Minden-Lübbecke, Kreis",125,183,233,223,291,98,82,87,109,64,358,355,429,305,365,410,417,443,310,456,3,1,2,5,20,223,265,320,332,355,413,418,445,315,476,kWh pro m²
5774,"Paderborn, Kreis",238,263,344,339,571,118,215,226,215,178,815,582,430,387,381,829,611,443,398,419,4,7,5,6,2,356,478,570,554,749,833,618,448,404,421,kWh pro m²
5911,"Bochum, kreisfreie Stadt",18,39,67,71,107,63,76,67,46,77,173,239,312,208,265,173,320,375,209,520,0,9,0,2,26,81,115,134,117,184,173,329,375,211,546,kWh pro m²
5913,"Dortmund, kreisfreie Stadt",100,94,112,152,173,174,186,157,92,129,565,985,1067,1006,1001,580,1030,1131,1059,1044,3,5,9,3,18,274,280,269,244,302,583,1035,1140,1062,1062,kWh pro m²
5914,"Hagen, kreisfreie Stadt",29,35,47,41,25,11,11,19,8,12,73,49,104,61,118,73,49,104,61,118,1,0,4,1,2,40,46,66,49,37,74,49,108,62,120,kWh pro m²
5915,"Hamm, kreisfreie Stadt",17,62,51,50,46,11,29,27,38,13,268,168,212,260,206,298,192,212,320,223,1,0,0,1,3,28,91,78,88,59,299,192,212,321,226,kWh pro m²
5916,"Herne, kreisfreie Stadt",4,40,2,16,37,15,1,41,75,23,33,58,83,120,120,35,76,83,120,120,1,1,2,2,1,19,41,43,91,60,36,77,85,122,121,kWh pro m²
5954,Ennepe-Ruhr-Kreis,76,110,132,110,158,93,66,90,123,117,240,266,252,180,154,321,299,340,221,156,0,3,9,4,2,169,176,222,233,275,321,302,349,225,158,kWh pro m²
5958,Hochsauerlandkreis,80,111,102,148,213,69,72,99,135,159,307,244,164,173,201,309,264,169,175,251,3,1,5,5,8,149,183,201,283,372,312,265,174,180,259,kWh pro m²
5962,Märkischer Kreis,81,72,117,167,123,55,66,37,74,39,102,133,133,288,111,104,139,139,365,130,0,0,1,2,4,136,138,154,241,162,104,139,140,367,134,kWh pro m²
5966,"Olpe, Kreis",67,80,101,76,71,33,34,112,85,72,129,125,155,82,56,138,136,158,89,59,1,1,5,3,1,100,114,213,161,143,139,137,163,92,60,kWh pro m²
5970,"Siegen-Wittgenstein, Kreis",99,135,87,182,300,44,79,67,108,66,167,197,73,133,83,172,205,79,134,85,9,8,9,6,6,143,214,154,290,366,181,213,88,140,91,kWh pro m²
5974,"Soest, Kreis",195,170,253,257,229,151,88,78,120,95,556,550,536,416,327,572,567,540,431,331,0,21,3,2,17,346,258,331,377,324,572,588,543,433,348,kWh pro m²
5978,"Unna, Kreis",86,78,210,147,127,173,115,118,121,318,568,367,327,312,196,602,420,346,416,435,1,2,11,7,6,259,193,328,268,445,603,422,357,423,441,kWh pro m²
6411,"Darmstadt, kreisfreie Stadt",50,110,37,64,27,20,160,101,32,47,112,87,91,92,414,114,106,158,336,732,0,0,0,1,2,70,270,138,96,74,114,106,158,337,734,kWh pro m²
6412,"Frankfurt am Main, kreisfreie Stadt",116,71,124,184,119,271,158,116,339,37,884,1283,909,739,906,3069,3543,3004,3084,2815,0,0,0,0,15,387,229,240,523,156,3069,3543,3004,3084,2830,kWh pro m²
6413,"Offenbach am Main, kreisfreie Stadt",8,13,21,21,31,32,4,2,4,9,243,55,26,109,108,537,727,383,278,751,0,0,0,5,2,40,17,23,25,40,537,727,383,283,753,kWh pro m²
6414,"Wiesbaden, Landeshauptstadt, kreisfreie Stadt",52,11,30,60,163,56,26,23,39,92,293,245,350,227,342,361,313,558,293,441,0,0,0,1,47,108,37,53,99,255,361,313,558,294,488,kWh pro m²
6431,"Bergstraße, Landkreis",159,192,337,208,348,72,63,106,95,31,241,296,318,408,211,266,348,346,433,290,3,0,9,5,12,231,255,443,303,379,269,348,355,438,302,kWh pro m²
6432,"Darmstadt-Dieburg, Landkreis",278,462,362,411,519,71,147,66,82,52,420,750,291,254,270,439,782,316,304,278,0,3,1,6,28,349,609,428,493,571,439,785,317,310,306,kWh pro m²
6433,"Groß-Gerau, Landkreis",294,309,249,238,238,60,217,25,32,43,594,593,354,264,337,617,650,442,292,351,6,1,0,32,27,354,526,274,270,281,623,651,442,324,378,kWh pro m²
6434,Hochtaunuskreis,96,117,149,108,202,39,67,83,30,43,201,268,251,248,213,249,302,346,261,302,0,0,2,1,3,135,184,232,138,245,249,302,348,262,305,kWh pro m²
6435,Main-Kinzig-Kreis,220,287,23,704,474,45,166,23,177,63,345,459,61,703,419,486,531,332,782,626,2,0,1,5,33,265,453,46,881,537,488,531,333,787,659,kWh pro m²
6436,Main-Taunus-Kreis,99,114,170,260,153,178,100,75,110,65,256,619,307,366,257,324,726,362,387,258,0,0,20,2,10,277,214,245,370,218,324,726,382,389,268,kWh pro m²
6437,Odenwaldkreis,39,60,63,71,64,20,21,42,13,34,82,46,126,17,32,83,48,127,18,34,0,0,0,2,4,59,81,105,84,98,83,48,127,20,38,kWh pro m²
6438,"Offenbach, Landkreis",98,153,379,280,245,34,87,46,66,17,422,512,488,283,349,546,580,730,555,626,0,0,2,2,2,132,240,425,346,262,546,580,732,557,628,kWh pro m²
6439,Rheingau-Taunus-Kreis,84,106,77,72,118,163,103,63,24,111,342,246,147,179,123,344,261,147,181,125,7,0,5,8,2,247,209,140,96,229,351,261,152,189,127,kWh pro m²
6440,Wetteraukreis,253,283,332,287,377,66,47,65,44,82,433,763,475,379,486,510,851,555,689,925,1,0,0,3,10,319,330,397,331,459,511,851,555,692,935,kWh pro m²
6531,"Gießen, Landkreis",94,150,185,215,286,57,65,87,40,87,359,307,238,124,336,1035,689,580,534,843,0,0,1,1,7,151,215,272,255,373,1035,689,581,535,850,kWh pro m²
6532,Lahn-Dill-Kreis,165,190,207,178,237,58,66,38,24,116,308,259,225,119,202,314,268,263,153,222,0,0,0,4,13,223,256,245,202,353,314,268,263,157,235,kWh pro m²
6533,"Limburg-Weilburg, Landkreis",109,99,104,176,177,47,29,55,40,18,140,201,149,230,154,150,206,167,240,154,0,1,1,4,8,156,128,159,216,195,150,207,168,244,162,kWh pro m²
6534,"Marburg-Biedenkopf, Landkreis",169,146,226,215,178,40,57,62,31,148,167,197,188,318,212,222,317,403,366,260,0,0,0,3,19,209,203,288,246,326,222,317,403,369,279,kWh pro m²
6535,Vogelsbergkreis,55,64,92,89,127,7,14,13,11,29,46,21,37,28,30,52,30,42,29,34,0,0,2,1,0,62,78,105,100,156,52,30,44,30,34,kWh pro m²
6611,"Kassel, kreisfreie Stadt",10,18,66,31,30,2,4,33,6,20,265,231,253,61,229,298,246,445,105,500,0,0,4,0,1,12,22,99,37,50,298,246,449,105,501,kWh pro m²
6631,"Fulda, Landkreis",221,251,271,344,395,63,65,29,97,79,329,257,298,162,123,339,271,312,205,184,0,0,1,4,20,284,316,300,441,474,339,271,313,209,204,kWh pro m²
6632,"Hersfeld-Rotenburg, Landkreis",42,34,44,76,76,16,13,18,12,14,77,107,30,83,39,79,109,31,90,40,0,0,0,2,0,58,47,62,88,90,79,109,31,92,40,kWh pro m²
6633,"Kassel, Landkreis",103,118,149,113,120,33,21,31,25,23,332,155,245,216,308,341,163,333,266,400,0,1,0,2,3,136,139,180,138,143,341,164,333,268,403,kWh pro m²
6634,Schwalm-Eder-Kreis,89,108,128,122,148,28,25,23,41,33,175,175,153,161,143,199,200,181,195,160,1,0,0,1,8,117,133,151,163,181,200,200,181,196,168,kWh pro m²
6635,"Waldeck-Frankenberg, Landkreis",59,63,132,121,188,16,18,31,19,22,120,82,118,94,130,125,83,119,105,133,0,0,0,9,5,75,81,163,140,210,125,83,119,114,138,kWh pro m²
6636,Werra-Meißner-Kreis,24,17,28,28,26,6,4,5,18,8,16,23,26,31,30,20,23,29,48,31,0,0,0,1,1,30,21,33,46,34,20,23,29,49,32,kWh pro m²
7111,"Koblenz, kreisfreie Stadt",22,29,59,70,104,10,25,8,15,87,109,174,142,219,36,151,184,158,227,49,2,14,14,1,5,32,54,67,85,191,153,198,172,228,54,kWh pro m²
7131,"Ahrweiler, Landkreis",117,134,139,98,93,43,57,47,38,46,214,254,187,226,112,248,358,244,273,145,14,11,8,21,8,160,191,186,136,139,262,369,252,294,153,kWh pro m²
7132,"Altenkirchen (Westerwald), Landkreis",82,67,46,93,104,43,18,21,27,62,83,44,39,50,45,85,52,49,52,49,2,3,2,8,4,125,85,67,120,166,87,55,51,60,53,kWh pro m²
7133,"Bad Kreuznach, Landkreis",131,139,293,199,174,21,28,176,45,28,82,84,221,118,62,102,85,250,119,67,6,6,13,16,5,152,167,469,244,202,108,91,263,135,72,kWh pro m²
7134,"Birkenfeld, Landkreis",20,60,50,33,39,6,16,14,16,11,10,23,20,25,17,11,24,21,25,20,1,1,1,3,3,26,76,64,49,50,12,25,22,28,23,kWh pro m²
7135,"Cochem-Zell, Landkreis",54,77,57,93,88,33,36,41,53,29,29,29,20,50,24,43,30,22,54,27,7,0,1,6,4,87,113,98,146,117,50,30,23,60,31,kWh pro m²
7137,"Mayen-Koblenz, Landkreis",122,158,206,215,313,53,82,73,100,51,351,395,335,250,228,356,414,378,254,244,19,29,25,14,39,175,240,279,315,364,375,443,403,268,283,kWh pro m²
7138,"Neuwied, Landkreis",68,55,109,177,574,18,21,18,32,137,212,125,183,116,607,215,126,188,116,634,4,8,6,3,37,86,76,127,209,711,219,134,194,119,671,kWh pro m²
7140,Rhein-Hunsrück-Kreis,48,74,65,122,150,28,20,15,35,28,79,72,100,82,123,83,73,110,87,137,20,2,6,21,7,76,94,80,157,178,103,75,116,108,144,kWh pro m²
7141,Rhein-Lahn-Kreis,54,56,108,142,124,10,8,14,7,12,56,25,95,84,72,61,25,113,104,93,2,1,6,13,12,64,64,122,149,136,63,26,119,117,105,kWh pro m²
7143,Westerwaldkreis,149,254,208,268,413,49,63,79,47,50,257,397,294,205,374,259,458,296,213,376,4,17,11,10,14,198,317,287,315,463,263,475,307,223,390,kWh pro m²
7211,"Trier, kreisfreie Stadt",79,124,141,174,97,48,96,200,167,107,76,66,101,95,158,79,93,170,128,379,0,21,96,9,17,127,220,341,341,204,79,114,266,137,396,kWh pro m²
7231,"Bernkastel-Wittlich, Landkreis",162,152,216,114,173,131,106,183,102,160,69,69,35,38,25,118,100,41,43,53,18,8,8,8,16,293,258,399,216,333,136,108,49,51,69,kWh pro m²
7232,Eifelkreis Bitburg-Prüm,179,259,184,227,248,76,99,198,166,113,65,47,47,69,31,69,64,65,97,48,14,3,10,5,14,255,358,382,393,361,83,67,75,102,62,kWh pro m²
7233,"Vulkaneifel, Landkreis",53,51,44,50,85,34,36,41,17,38,54,10,23,11,17,58,13,26,11,21,8,3,0,6,2,87,87,85,67,123,66,16,26,17,23,kWh pro m²
7235,"Trier-Saarburg, Landkreis",260,209,294,323,320,117,103,179,271,212,86,86,96,72,63,109,113,113,90,73,29,5,16,20,30,377,312,473,594,532,138,118,129,110,103,kWh pro m²
7311,"Frankenthal (Pfalz), kreisfreie Stadt",7,4,5,8,13,0,0,0,5,0,79,14,15,24,13,129,19,15,67,14,0,0,0,0,6,7,4,5,13,13,129,19,15,67,20,kWh pro m²
7312,"Kaiserslautern, kreisfreie Stadt",21,28,40,31,50,2,3,47,0,9,34,49,73,19,43,57,73,130,69,174,0,1,5,2,7,23,31,87,31,59,57,74,135,71,181,kWh pro m²
7313,"Landau in der Pfalz, kreisfreie Stadt",12,24,30,19,36,8,0,57,0,42,123,65,25,23,17,201,150,138,224,135,3,0,2,0,0,20,24,87,19,78,204,150,140,224,135,kWh pro m²
7314,"Ludwigshafen am Rhein, kreisfreie Stadt",32,43,50,32,65,3,78,18,8,8,144,224,66,194,156,266,328,407,464,379,1,3,11,2,5,35,121,68,40,73,267,331,418,466,384,kWh pro m²
7315,"Mainz, kreisfreie Stadt",26,15,65,52,54,8,6,63,11,59,442,200,137,228,286,908,324,465,596,544,0,15,0,7,2,34,21,128,63,113,908,339,465,603,546,kWh pro m²
7316,"Neustadt an der Weinstraße, kreisfreie Stadt",7,8,51,12,22,1,4,2,10,16,86,68,182,72,47,87,68,182,76,87,0,0,9,0,0,8,12,53,22,38,87,68,191,76,87,kWh pro m²
7317,"Pirmasens, kreisfreie Stadt",16,13,18,31,16,0,0,1,0,0,18,7,4,33,4,35,16,16,33,6,0,2,1,1,0,16,13,19,31,16,35,18,17,34,6,kWh pro m²
7318,"Speyer, kreisfreie Stadt",2,6,0,20,4,1,0,0,0,0,34,10,8,15,8,34,46,65,138,118,2,0,0,0,0,3,6,0,20,4,36,46,65,138,118,kWh pro m²
7319,"Worms, kreisfreie Stadt",81,61,51,82,39,21,6,31,9,7,106,120,34,37,69,129,193,93,56,69,3,4,1,6,0,102,67,82,91,46,132,197,94,62,69,kWh pro m²
7320,"Zweibrücken, kreisfreie Stadt",19,12,9,9,20,2,2,7,1,1,40,12,11,34,3,40,14,14,37,51,0,0,1,0,1,21,14,16,10,21,40,14,15,37,52,kWh pro m²
7331,"Alzey-Worms, Landkreis",85,162,129,169,185,16,22,15,5,40,255,147,202,141,111,262,187,274,168,114,8,6,38,11,7,101,184,144,174,225,270,193,312,179,121,kWh pro m²
7332,"Bad Dürkheim, Landkreis",76,98,111,135,155,32,24,28,10,27,270,227,158,150,329,301,233,167,158,333,3,20,4,3,7,108,122,139,145,182,304,253,171,161,340,kWh pro m²
7333,Donnersbergkreis,36,39,57,33,56,17,10,3,4,7,57,60,70,57,46,60,60,72,69,46,2,3,2,11,3,53,49,60,37,63,62,63,74,80,49,kWh pro m²
7334,"Germersheim, Landkreis",123,159,120,30,85,45,30,14,1,14,258,183,262,83,141,288,215,298,86,162,6,8,16,5,0,168,189,134,31,99,294,223,314,91,162,kWh pro m²
7335,"Kaiserslautern, Landkreis",99,63,61,61,108,18,10,7,9,20,211,118,75,106,142,234,131,85,112,144,9,3,5,5,7,117,73,68,70,128,243,134,90,117,151,kWh pro m²
7336,"Kusel, Landkreis",48,73,56,45,41,9,19,3,8,5,76,66,44,51,35,85,73,56,53,38,2,5,5,2,2,57,92,59,53,46,87,78,61,55,40,kWh pro m²
7337,"Südliche Weinstraße, Landkreis",104,42,158,140,175,45,14,32,15,49,202,144,136,136,144,228,156,145,144,156,7,9,3,14,4,149,56,190,155,224,235,165,148,158,160,kWh pro m²
7338,Rhein-Pfalz-Kreis,106,116,173,124,130,14,30,46,9,23,477,419,355,375,146,491,430,365,394,154,7,1,7,20,11,120,146,219,133,153,498,431,372,414,165,kWh pro m²
7339,"Mainz-Bingen, Landkreis",115,242,416,496,146,38,98,185,186,78,340,610,810,918,144,352,651,880,1025,148,8,11,23,75,10,153,340,601,682,224,360,662,903,1100,158,kWh pro m²
7340,"Südwestpfalz, Landkreis",53,43,98,73,97,14,5,19,12,13,47,22,72,50,42,56,27,81,55,43,1,7,6,6,6,67,48,117,85,110,57,34,87,61,49,kWh pro m²
8111,"Stuttgart, Landeshauptstadt, Stadtkreis",135,155,166,133,229,384,335,476,77,188,446,792,634,312,224,606,1109,942,620,617,1,0,0,1,0,519,490,642,210,417,607,1109,942,621,617,kWh pro m²
8115,"Böblingen, Landkreis",350,423,479,509,566,257,155,173,174,157,617,720,510,273,352,938,879,596,295,445,0,1,0,0,0,607,578,652,683,723,938,880,596,295,445,kWh pro m²
8116,"Esslingen, Landkreis",256,323,418,515,400,300,149,244,392,470,512,507,494,309,514,745,695,711,588,644,7,2,0,1,0,556,472,662,907,870,752,697,711,589,644,kWh pro m²
8117,"Göppingen, Landkreis",181,184,365,250,335,82,37,68,35,49,157,145,283,245,114,215,172,307,322,144,2,0,0,1,1,263,221,433,285,384,217,172,307,323,145,kWh pro m²
8118,"Ludwigsburg, Landkreis",288,368,487,517,646,174,176,122,140,134,530,575,418,396,447,776,813,627,551,753,3,1,0,1,16,462,544,609,657,780,779,814,627,552,769,kWh pro m²
8119,"Rems-Murr-Kreis, Landkreis",222,303,406,428,627,93,118,196,66,55,368,412,447,362,343,831,475,567,590,605,2,1,0,0,0,315,421,602,494,682,833,476,567,590,605,kWh pro m²
8121,"Heilbronn, Universitätsstadt, Stadtkreis",47,36,66,123,88,82,45,65,20,54,192,26,114,150,221,225,137,174,279,263,0,0,0,0,0,129,81,131,143,142,225,137,174,279,263,kWh pro m²
8125,"Heilbronn, Landkreis",512,549,788,610,650,168,130,184,169,153,405,357,264,249,285,584,414,416,391,351,1,2,2,0,0,680,679,972,779,803,585,416,418,391,351,kWh pro m²
8126,"Hohenlohekreis, Landkreis",152,184,212,224,241,67,236,82,238,50,56,101,89,137,129,62,126,138,190,136,0,1,0,0,0,219,420,294,462,291,62,127,138,190,136,kWh pro m²
8127,"Schwäbisch Hall, Landkreis",175,244,237,349,435,84,43,70,59,53,140,135,134,96,113,370,396,305,284,288,0,1,1,1,2,259,287,307,408,488,370,397,306,285,290,kWh pro m²
8128,"Main-Tauber-Kreis, Landkreis",118,121,138,168,187,57,57,35,132,68,66,86,52,107,83,86,91,132,126,134,4,0,1,0,2,175,178,173,300,255,90,91,133,126,136,kWh pro m²
8135,"Heidenheim, Landkreis",64,102,108,133,107,37,121,32,85,27,117,112,143,121,115,124,123,159,131,180,0,0,2,2,0,101,223,140,218,134,124,123,161,133,180,kWh pro m²
8136,"Ostalbkreis, Landkreis",265,344,342,430,707,189,102,220,184,151,317,192,161,198,259,342,200,257,232,378,6,1,2,2,7,454,446,562,614,858,348,201,259,234,385,kWh pro m²
8211,"Baden-Baden, Stadtkreis",25,145,69,62,33,8,15,19,2,3,46,144,91,80,62,46,144,91,80,64,0,0,0,0,0,33,160,88,64,36,46,144,91,80,64,kWh pro m²
8212,"Karlsruhe, Stadtkreis",37,68,63,102,114,10,10,10,31,69,130,162,219,68,95,392,418,698,244,317,0,0,0,0,0,47,78,73,133,183,392,418,698,244,317,kWh pro m²
8215,"Karlsruhe, Landkreis",430,524,601,549,817,137,96,79,96,129,506,613,402,476,657,652,641,475,623,1119,4,6,0,0,0,567,620,680,645,946,656,647,475,623,1119,kWh pro m²
8216,"Rastatt, Landkreis",147,244,340,325,388,30,35,43,38,24,288,268,171,104,133,342,461,472,155,342,14,0,0,0,0,177,279,383,363,412,356,461,472,155,342,kWh pro m²
8221,"Heidelberg, Stadtkreis",30,30,28,10,41,2,7,2,9,66,32,26,28,19,12,531,219,170,445,345,0,0,0,0,0,32,37,30,19,107,531,219,170,445,345,kWh pro m²
8222,"Mannheim, Stadtkreis",70,110,99,124,136,2,21,3,6,24,88,20,57,33,91,559,477,391,401,1003,2,0,0,0,0,72,131,102,130,160,561,477,391,401,1003,kWh pro m²
8225,"Neckar-Odenwald-Kreis, Landkreis",170,206,244,227,214,36,18,33,37,32,54,41,69,32,72,70,42,69,50,79,6,3,0,0,0,206,224,277,264,246,76,45,69,50,79,kWh pro m²
8226,"Rhein-Neckar-Kreis, Landkreis",446,569,715,678,694,166,100,83,63,62,483,452,333,440,338,754,584,515,613,551,2,0,1,1,1,612,669,798,741,756,756,584,516,614,552,kWh pro m²
8231,"Pforzheim, Stadtkreis",63,78,72,126,88,34,14,70,4,16,101,37,53,27,105,135,99,97,49,293,2,0,0,0,0,97,92,142,130,104,137,99,97,49,293,kWh pro m²
8235,"Calw, Landkreis",152,224,252,220,300,50,57,89,61,76,109,170,142,81,69,122,177,176,90,75,2,0,0,0,0,202,281,341,281,376,124,177,176,90,75,kWh pro m²
8236,"Enzkreis, Landkreis",196,247,252,237,279,30,25,66,27,73,131,150,190,128,142,167,164,201,129,157,0,0,0,0,0,226,272,318,264,352,167,164,201,129,157,kWh pro m²
8237,"Freudenstadt, Landkreis",108,135,174,149,217,53,39,30,48,55,49,69,72,42,31,99,158,150,167,189,8,0,0,0,0,161,174,204,197,272,107,158,150,167,189,kWh pro m²
8311,"Freiburg im Breisgau, Stadtkreis",28,46,58,92,91,85,126,75,140,99,231,87,194,198,150,341,496,462,543,819,0,0,0,0,0,113,172,133,232,190,341,496,462,543,819,kWh pro m²
8315,"Breisgau-Hochschwarzwald, Landkreis",172,186,288,277,339,77,244,111,221,180,368,379,297,249,263,621,428,374,387,326,5,0,0,0,2,249,430,399,498,519,626,428,374,387,328,kWh pro m²
8316,"Emmendingen, Landkreis",170,189,225,181,219,111,163,248,164,137,158,216,120,71,55,250,264,234,199,248,0,0,1,4,0,281,352,473,345,356,250,264,235,203,248,kWh pro m²
8317,"Ortenaukreis, Landkreis",597,642,533,595,696,212,183,251,101,162,419,457,368,361,277,497,527,531,587,458,13,0,0,0,2,809,825,784,696,858,510,527,531,587,460,kWh pro m²
8325,"Rottweil, Landkreis",109,143,228,255,317,92,50,57,45,28,137,98,132,137,88,145,111,157,146,124,0,0,0,0,0,201,193,285,300,345,145,111,157,146,124,kWh pro m²
8326,"Schwarzwald-Baar-Kreis, Landkreis",171,160,149,154,243,94,214,57,59,94,135,197,186,95,235,212,326,306,143,345,1,0,0,1,7,265,374,206,213,337,213,326,306,144,352,kWh pro m²
8327,"Tuttlingen, Landkreis",118,183,149,212,264,134,95,151,56,117,123,125,102,103,107,240,179,159,140,177,0,0,0,1,0,252,278,300,268,381,240,179,159,141,177,kWh pro m²
8335,"Konstanz, Landkreis",229,357,360,345,375,217,157,157,137,233,299,458,417,340,419,338,501,440,369,442,0,1,0,3,4,446,514,517,482,608,338,502,440,372,446,kWh pro m²
8336,"Lörrach, Landkreis",136,145,192,210,364,111,193,133,138,154,295,262,149,275,347,353,266,172,455,438,2,0,4,0,1,247,338,325,348,518,355,266,176,455,439,kWh pro m²
8337,"Waldshut, Landkreis",215,245,271,248,313,132,161,218,146,205,162,201,198,115,192,223,296,255,288,241,1,0,0,1,0,347,406,489,394,518,224,296,255,289,241,kWh pro m²
8415,"Reutlingen, Landkreis",334,311,443,542,574,98,135,131,127,140,267,174,166,228,144,398,297,261,237,388,6,9,0,1,1,432,446,574,669,714,404,306,261,238,389,kWh pro m²
8416,"Tübingen, Landkreis",213,299,402,429,342,138,187,125,131,123,225,255,218,189,133,324,276,413,820,493,1,2,0,16,2,351,486,527,560,465,325,278,413,836,495,kWh pro m²
8417,"Zollernalbkreis, Landkreis",227,243,261,322,372,47,88,77,61,67,63,42,38,170,71,87,75,64,185,161,2,0,1,11,0,274,331,338,383,439,89,75,65,196,161,kWh pro m²
8421,"Ulm, Stadtkreis",25,23,38,35,49,42,41,45,24,17,96,70,40,43,15,396,211,422,327,319,0,0,0,0,0,67,64,83,59,66,396,211,422,327,319,kWh pro m²
8425,"Alb-Donau-Kreis, Landkreis",329,322,421,337,527,146,195,183,164,150,348,250,221,209,168,360,257,251,230,219,3,0,0,1,0,475,517,604,501,677,363,257,251,231,219,kWh pro m²
8426,"Biberach, Landkreis",404,452,413,572,440,182,239,181,211,324,270,205,200,190,123,315,268,290,304,159,0,0,1,7,1,586,691,594,783,764,315,268,291,311,160,kWh pro m²
8435,"Bodenseekreis, Landkreis",152,204,267,234,206,177,159,88,94,94,388,646,496,447,278,449,767,609,509,448,6,0,0,0,1,329,363,355,328,300,455,767,609,509,449,kWh pro m²
8436,"Ravensburg, Landkreis",183,309,280,242,303,361,253,263,403,212,339,298,217,197,285,405,437,252,285,396,3,0,2,0,2,544,562,543,645,515,408,437,254,285,398,kWh pro m²
8437,"Sigmaringen, Landkreis",190,231,216,241,226,38,39,52,34,77,106,56,127,84,80,119,90,137,105,104,1,2,0,1,0,228,270,268,275,303,120,92,137,106,104,kWh pro m²
9161,Ingolstadt,78,95,181,191,291,157,129,260,158,118,453,387,395,251,450,873,605,599,376,565,0,1,16,1,0,235,224,441,349,409,873,606,615,377,565,kWh pro m²
9162,"München, Landeshauptstadt",690,661,738,475,1130,364,545,719,356,638,1888,2106,1993,1411,1332,5058,5958,6262,5679,4659,6,4,1,1,0,1054,1206,1457,831,1768,5064,5962,6263,5680,4659,kWh pro m²
9163,Rosenheim,7,29,29,1,79,10,12,30,2,28,23,80,27,1,51,89,229,120,9,172,0,0,6,0,0,17,41,59,3,107,89,229,126,9,172,kWh pro m²
9171,"Altötting, Landkreis",123,122,162,158,216,121,100,73,78,127,149,111,134,99,196,193,179,211,181,306,3,0,1,0,0,244,222,235,236,343,196,179,212,181,306,kWh pro m²
9172,"Berchtesgadener Land, Landkreis",38,63,83,105,95,69,94,108,69,36,47,65,103,96,117,188,133,204,136,172,0,0,6,3,2,107,157,191,174,131,188,133,210,139,174,kWh pro m²
9173,"Bad Tölz-Wolfratshausen, Landkreis",60,99,148,102,106,122,135,183,342,175,226,71,175,242,157,291,127,226,271,196,3,2,6,6,0,182,234,331,444,281,294,129,232,277,196,kWh pro m²
9174,"Dachau, Landkreis",123,221,178,319,200,81,284,123,118,117,153,199,141,249,312,247,530,240,464,361,2,3,7,9,2,204,505,301,437,317,249,533,247,473,363,kWh pro m²
9175,"Ebersberg, Landkreis",143,176,108,99,163,36,88,64,75,64,110,109,159,133,102,135,255,437,492,294,0,0,2,0,0,179,264,172,174,227,135,255,439,492,294,kWh pro m²
9176,"Eichstätt, Landkreis",180,268,238,308,344,188,161,161,207,132,322,272,142,282,207,363,375,181,323,238,7,1,1,6,10,368,429,399,515,476,370,376,182,329,248,kWh pro m²
9177,"Erding, Landkreis",111,179,119,236,143,122,158,29,106,93,135,339,148,360,160,298,705,281,528,358,1,0,3,2,3,233,337,148,342,236,299,705,284,530,361,kWh pro m²
9178,"Freising, Landkreis",171,259,214,414,357,213,158,102,142,107,247,281,242,320,196,467,338,376,504,344,2,4,4,5,18,384,417,316,556,464,469,342,380,509,362,kWh pro m²
9179,"Fürstenfeldbruck, Landkreis",187,132,184,232,237,155,75,142,202,66,251,221,233,212,339,525,377,276,285,477,6,5,12,2,3,342,207,326,434,303,531,382,288,287,480,kWh pro m²
9180,"Garmisch-Partenkirchen, Landkreis",19,38,48,22,35,31,39,36,34,24,84,89,68,57,69,90,99,76,121,71,0,0,0,3,0,50,77,84,56,59,90,99,76,124,71,kWh pro m²
9181,"Landsberg am Lech, Landkreis",154,171,189,231,251,87,72,74,70,153,140,135,184,127,159,163,148,217,156,197,4,9,3,6,3,241,243,263,301,404,167,157,220,162,200,kWh pro m²
9182,"Miesbach, Landkreis",46,52,76,75,55,67,69,92,64,56,176,152,206,123,129,234,211,341,153,238,1,0,3,1,0,113,121,168,139,111,235,211,344,154,238,kWh pro m²
9183,"Mühldorf a.Inn, Landkreis",89,116,132,143,126,127,172,117,136,244,363,236,187,377,255,493,417,411,519,531,5,3,3,6,3,216,288,249,279,370,498,420,414,525,534,kWh pro m²
9184,"München, Landkreis",184,249,189,203,321,319,251,124,290,238,248,255,187,224,270,659,500,737,866,830,0,11,0,2,2,503,500,313,493,559,659,511,737,868,832,kWh pro m²
9185,"Neuburg-Schrobenhausen, Landkreis",161,184,234,246,279,73,79,47,94,47,224,178,163,155,129,281,229,211,212,184,5,3,7,13,9,234,263,281,340,326,286,232,218,225,193,kWh pro m²
9186,"Pfaffenhofen a.d.Ilm, Landkreis",147,131,319,334,268,144,176,128,148,202,200,158,229,423,311,258,282,297,571,542,4,3,1,2,7,291,307,447,482,470,262,285,298,573,549,kWh pro m²
9187,"Rosenheim, Landkreis",170,389,437,430,164,150,306,580,220,201,140,196,202,267,116,257,469,605,473,149,4,8,14,9,17,320,695,1017,650,365,261,477,619,482,166,kWh pro m²
9188,"Starnberg, Landkreis",100,124,180,207,180,141,81,130,110,181,167,188,223,158,169,185,195,244,163,173,4,1,9,7,4,241,205,310,317,361,189,196,253,170,177,kWh pro m²
9189,"Traunstein, Landkreis",146,169,285,152,331,193,150,310,234,157,107,98,163,89,119,211,152,328,149,242,5,6,9,0,7,339,319,595,386,488,216,158,337,149,249,kWh pro m²
9190,"Weilheim-Schongau, Landkreis",79,157,114,177,209,107,276,264,117,245,144,98,163,139,176,195,118,246,192,249,5,10,2,4,2,186,433,378,294,454,200,128,248,196,251,kWh pro m²
9261,Landshut,34,41,52,77,70,49,34,47,15,43,101,213,163,205,204,196,277,179,219,320,0,1,0,0,0,83,75,99,92,113,196,278,179,219,320,kWh pro m²
9262,Passau,18,24,24,55,75,91,133,89,15,3,245,144,140,82,183,252,208,149,123,248,0,0,0,0,0,109,157,113,70,78,252,208,149,123,248,kWh pro m²
9263,Straubing,23,43,66,61,62,42,25,74,128,60,121,111,37,89,130,126,112,49,90,135,1,0,0,0,2,65,68,140,189,122,127,112,49,90,137,kWh pro m²
9271,"Deggendorf, Landkreis",127,190,217,273,287,157,185,216,257,207,398,183,146,134,151,450,212,177,219,243,0,0,0,1,2,284,375,433,530,494,450,212,177,220,245,kWh pro m²
9272,"Freyung-Grafenau, Landkreis",21,44,33,61,120,46,64,61,56,62,27,56,75,86,83,59,81,111,141,146,0,1,1,1,1,67,108,94,117,182,59,82,112,142,147,kWh pro m²
9273,"Kelheim, Landkreis",97,211,200,170,312,118,124,159,180,116,266,288,253,147,259,324,434,320,204,303,4,4,4,8,3,215,335,359,350,428,328,438,324,212,306,kWh pro m²
9274,"Landshut, Landkreis",110,188,189,280,274,98,125,74,136,134,221,268,165,186,173,261,302,232,249,227,5,13,12,8,9,208,313,263,416,408,266,315,244,257,236,kWh pro m²
9275,"Passau, Landkreis",79,229,127,156,236,66,185,95,69,98,206,430,289,229,378,242,504,322,266,436,4,7,4,2,5,145,414,222,225,334,246,511,326,268,441,kWh pro m²
9276,"Regen, Landkreis",42,52,71,65,93,52,65,56,78,89,26,47,35,41,89,38,130,53,48,115,0,2,0,2,1,94,117,127,143,182,38,132,53,50,116,kWh pro m²
9277,"Rottal-Inn, Landkreis",50,84,122,146,196,78,97,137,78,185,182,226,172,190,195,261,278,216,263,254,2,6,7,9,6,128,181,259,224,381,263,284,223,272,260,kWh pro m²
9278,"Straubing-Bogen, Landkreis",156,201,217,304,276,136,100,108,139,215,172,147,172,201,220,235,183,209,273,295,3,3,1,10,5,292,301,325,443,491,238,186,210,283,300,kWh pro m²
9279,"Dingolfing-Landau, Landkreis",121,138,141,289,324,141,108,101,104,55,177,175,139,201,227,193,264,186,239,254,2,3,0,1,10,262,246,242,393,379,195,267,186,240,264,kWh pro m²
9361,Amberg,15,18,3,17,26,12,3,2,40,9,31,41,49,29,31,60,66,50,54,83,1,1,0,12,1,27,21,5,57,35,61,67,50,66,84,kWh pro m²
9362,Regensburg,111,113,120,79,142,184,411,126,88,68,342,427,399,308,289,577,533,831,774,1142,0,0,0,0,0,295,524,246,167,210,577,533,831,774,1142,kWh pro m²
9363,Weiden i.d.OPf.,10,6,20,12,34,41,4,9,11,10,48,40,92,58,76,48,40,94,59,77,0,0,0,0,2,51,10,29,23,44,48,40,94,59,79,kWh pro m²
9371,"Amberg-Sulzbach, Landkreis",56,87,150,100,174,17,60,58,67,44,13,28,30,18,12,22,48,60,39,35,0,2,10,4,5,73,147,208,167,218,22,50,70,43,40,kWh pro m²
9372,"Cham, Landkreis",84,82,109,134,223,148,111,177,88,128,164,114,252,180,174,213,152,345,239,228,4,5,3,6,8,232,193,286,222,351,217,157,348,245,236,kWh pro m²
9373,"Neumarkt i.d.OPf., Landkreis",197,171,282,283,255,105,115,120,131,55,346,342,296,341,184,409,373,338,452,238,1,11,7,11,3,302,286,402,414,310,410,384,345,463,241,kWh pro m²
9374,"Neustadt a.d.Waldnaab, Landkreis",77,80,130,171,182,44,53,45,76,64,41,57,51,76,89,53,82,76,98,103,1,1,0,1,3,121,133,175,247,246,54,83,76,99,106,kWh pro m²
9375,"Regensburg, Landkreis",264,390,386,365,538,180,123,162,176,164,271,284,212,326,269,310,347,311,386,398,2,12,6,12,30,444,513,548,541,702,312,359,317,398,428,kWh pro m²
9376,"Schwandorf, Landkreis",130,236,160,108,224,68,182,106,34,125,206,318,199,194,274,287,353,221,284,302,4,4,2,6,3,198,418,266,142,349,291,357,223,290,305,kWh pro m²
9377,"Tirschenreuth, Landkreis",24,39,27,24,53,31,35,24,29,45,45,20,38,26,24,55,34,46,36,32,0,0,0,1,0,55,74,51,53,98,55,34,46,37,32,kWh pro m²
9461,Bamberg,15,13,3,11,27,14,12,0,2,8,99,32,6,184,63,191,93,147,269,187,2,0,0,0,0,29,25,3,13,35,193,93,147,269,187,kWh pro m²
9462,Bayreuth,36,20,43,49,57,20,143,27,7,89,39,12,142,26,60,42,26,143,30,92,0,7,0,0,0,56,163,70,56,146,42,33,143,30,92,kWh pro m²
9463,Coburg,7,10,10,9,15,3,27,5,7,0,30,38,13,58,97,54,71,30,107,190,0,0,0,0,0,10,37,15,16,15,54,71,30,107,190,kWh pro m²
9464,Hof,5,6,5,2,9,1,3,6,12,0,47,6,25,1,29,47,6,25,1,30,0,0,0,0,0,6,9,11,14,9,47,6,25,1,30,kWh pro m²
9471,"Bamberg, Landkreis",79,221,146,256,242,23,63,37,68,75,78,128,58,137,116,93,139,62,157,131,0,2,2,2,0,102,284,183,324,317,93,141,64,159,131,kWh pro m²
9472,"Bayreuth, Landkreis",4,132,131,205,144,3,26,47,55,34,0,27,43,78,90,1,37,52,85,98,0,3,4,3,7,7,158,178,260,178,1,40,56,88,105,kWh pro m²
9473,"Coburg, Landkreis",45,67,82,81,97,11,29,47,32,27,99,76,58,73,129,114,85,71,82,135,0,0,3,3,2,56,96,129,113,124,114,85,74,85,137,kWh pro m²
9474,"Forchheim, Landkreis",130,115,180,180,143,53,79,37,38,52,26,158,48,135,96,46,168,80,198,152,14,2,5,11,13,183,194,217,218,195,60,170,85,209,165,kWh pro m²
9475,"Hof, Landkreis",24,24,25,42,74,27,24,17,25,29,12,42,26,27,51,16,51,32,31,52,2,1,2,0,1,51,48,42,67,103,18,52,34,31,53,kWh pro m²
9476,"Kronach, Landkreis",5,14,16,19,35,1,8,60,18,32,22,49,39,40,60,28,50,47,48,63,0,0,1,0,1,6,22,76,37,67,28,50,48,48,64,kWh pro m²
9477,"Kulmbach, Landkreis",52,49,67,59,106,8,27,20,10,40,39,16,36,57,47,41,19,51,59,77,0,1,1,2,13,60,76,87,69,146,41,20,52,61,90,kWh pro m²
9478,"Lichtenfels, Landkreis",32,37,40,51,83,16,39,11,33,22,79,84,47,95,61,82,86,47,97,62,0,0,0,0,4,48,76,51,84,105,82,86,47,97,66,kWh pro m²
9479,"Wunsiedel i.Fichtelgebirge, Landkreis",16,21,10,24,24,22,9,14,10,12,11,52,16,26,23,20,57,19,29,23,2,2,1,1,1,38,30,24,34,36,22,59,20,30,24,kWh pro m²
9561,Ansbach,5,12,15,14,33,36,4,24,0,2,20,43,16,59,38,22,46,114,72,41,0,0,0,0,2,41,16,39,14,35,22,46,114,72,43,kWh pro m²
9562,Erlangen,45,48,71,52,70,42,63,45,20,40,55,55,107,83,110,284,404,112,480,165,0,0,5,0,0,87,111,116,72,110,284,404,117,480,165,kWh pro m²
9563,Fürth,52,57,22,14,48,33,38,139,102,42,394,504,218,151,517,418,601,220,303,521,0,0,0,0,0,85,95,161,116,90,418,601,220,303,521,kWh pro m²
9564,Nürnberg,45,117,52,99,65,80,69,48,9,315,373,548,428,301,353,952,1215,987,837,971,1,0,0,0,0,125,186,100,108,380,953,1215,987,837,971,kWh pro m²
9565,Schwabach,17,24,28,19,43,0,3,15,2,2,77,117,12,20,64,79,119,20,85,93,0,2,2,0,0,17,27,43,21,45,79,121,22,85,93,kWh pro m²
9571,"Ansbach, Landkreis",142,180,238,198,331,79,88,79,73,80,177,307,246,164,151,223,407,309,254,257,2,6,5,6,7,221,268,317,271,411,225,413,314,260,264,kWh pro m²
9572,"Erlangen-Höchstadt, Landkreis",215,161,233,322,294,78,64,103,72,66,197,275,183,279,222,239,334,301,433,596,0,0,0,2,1,293,225,336,394,360,239,334,301,435,597,kWh pro m²
9573,"Fürth, Landkreis",150,172,152,196,180,56,34,67,126,183,200,134,188,117,185,210,184,231,196,190,0,0,0,0,0,206,206,219,322,363,210,184,231,196,190,kWh pro m²
9574,"Nürnberger Land, Landkreis",175,201,195,212,323,89,46,72,74,86,405,233,251,179,127,434,250,269,254,132,3,5,4,7,1,264,247,267,286,409,437,255,273,261,133,kWh pro m²
9575,"Neustadt a.d.Aisch-Bad Windsheim, Landkreis",95,110,185,173,237,16,21,39,45,30,44,44,54,105,90,52,47,80,117,111,3,3,16,17,13,111,131,224,218,267,55,50,96,134,124,kWh pro m²
9576,"Roth, Landkreis",132,116,141,146,161,41,61,71,66,54,157,161,125,155,147,169,174,138,172,160,6,2,4,4,9,173,177,212,212,215,175,176,142,176,169,kWh pro m²
9577,"Weißenburg-Gunzenhausen, Landkreis",52,54,97,143,130,97,64,92,54,54,62,127,80,74,110,79,152,92,159,150,2,0,2,3,5,149,118,189,197,184,81,152,94,162,155,kWh pro m²
9661,Aschaffenburg,17,64,129,49,97,19,137,135,31,148,80,127,148,76,47,85,141,148,76,82,0,0,0,0,1,36,201,264,80,245,85,141,148,76,83,kWh pro m²
9662,Schweinfurt,13,11,17,36,10,3,0,0,20,12,25,45,11,6,24,41,96,11,112,155,0,0,0,0,0,16,11,17,56,22,41,96,11,112,155,kWh pro m²
9663,Würzburg,7,28,22,15,28,74,12,9,4,23,420,135,83,82,76,471,143,600,131,234,0,1,0,0,0,81,40,31,19,51,471,144,600,131,234,kWh pro m²
9671,"Aschaffenburg, Landkreis",161,143,172,161,183,45,62,50,49,89,190,199,107,152,149,191,216,110,154,152,1,2,5,4,4,206,205,222,210,272,192,218,115,158,156,kWh pro m²
9672,"Bad Kissingen, Landkreis",25,58,69,40,55,15,17,42,22,21,100,78,117,129,89,111,82,123,150,104,1,0,4,3,2,40,75,111,62,76,112,82,127,153,106,kWh pro m²
9673,"Rhön-Grabfeld, Landkreis",32,99,54,58,74,17,36,33,28,18,76,125,97,95,83,82,145,105,116,87,0,1,3,5,4,49,135,87,86,92,82,146,108,121,91,kWh pro m²
9674,"Haßberge, Landkreis",55,62,64,56,111,20,30,30,11,19,49,60,35,33,83,75,88,63,54,102,5,0,1,2,6,75,92,94,67,130,80,88,64,56,108,kWh pro m²
9675,"Kitzingen, Landkreis",56,81,79,53,127,34,19,78,28,22,80,70,49,62,104,91,77,60,64,119,0,0,1,3,2,90,100,157,81,149,91,77,61,67,121,kWh pro m²
9676,"Miltenberg, Landkreis",81,163,120,164,174,13,47,29,27,25,114,201,120,127,67,126,202,124,138,71,2,2,1,0,1,94,210,149,191,199,128,204,125,138,72,kWh pro m²
9677,"Main-Spessart, Landkreis",168,169,153,139,205,21,87,49,24,33,84,94,64,58,70,113,106,66,66,76,4,5,3,3,5,189,256,202,163,238,117,111,69,69,81,kWh pro m²
9678,"Schweinfurt, Landkreis",130,156,121,180,177,41,44,69,79,87,79,87,75,75,67,86,95,80,88,88,3,3,0,4,16,171,200,190,259,264,89,98,80,92,104,kWh pro m²
9679,"Würzburg, Landkreis",173,184,271,228,408,80,68,33,91,117,278,214,155,180,218,282,298,185,183,229,5,0,8,7,9,253,252,304,319,525,287,298,193,190,238,kWh pro m²
9761,Augsburg,96,36,50,131,146,119,13,53,16,116,343,248,364,150,211,716,871,579,412,453,1,0,21,2,3,215,49,103,147,262,717,871,600,414,456,kWh pro m²
9762,Kaufbeuren,5,27,31,34,7,5,22,178,75,4,32,107,146,76,110,32,122,148,83,114,0,0,1,0,0,10,49,209,109,11,32,122,149,83,114,kWh pro m²
9763,Kempten (Allgäu),28,9,20,17,21,11,4,8,57,88,45,51,15,18,34,235,334,102,137,55,0,3,1,1,0,39,13,28,74,109,235,337,103,138,55,kWh pro m²
9764,Memmingen,16,24,12,33,32,38,63,108,60,46,84,40,59,4,19,122,40,61,53,50,1,0,0,0,1,54,87,120,93,78,123,40,61,53,51,kWh pro m²
9771,"Aichach-Friedberg, Landkreis",125,255,192,250,328,129,127,171,93,103,151,146,170,170,228,187,194,216,234,280,5,2,5,5,8,254,382,363,343,431,192,196,221,239,288,kWh pro m²
9772,"Augsburg, Landkreis",198,284,320,385,203,164,189,325,201,275,393,593,702,564,410,501,646,748,649,465,4,4,6,10,5,362,473,645,586,478,505,650,754,659,470,kWh pro m²
9773,"Dillingen a.d.Donau, Landkreis",62,89,98,99,119,120,66,115,92,58,98,99,116,108,126,114,136,162,172,148,2,2,7,4,6,182,155,213,191,177,116,138,169,176,154,kWh pro m²
9774,"Günzburg, Landkreis",125,143,195,174,226,68,81,103,93,136,147,216,213,232,187,191,235,249,281,229,6,18,23,21,12,193,224,298,267,362,197,253,272,302,241,kWh pro m²
9775,"Neu-Ulm, Landkreis",207,254,207,255,352,103,109,134,139,114,276,167,139,163,257,577,246,369,244,483,2,8,2,9,8,310,363,341,394,466,579,254,371,253,491,kWh pro m²
9776,"Lindau (Bodensee), Landkreis",59,46,78,67,100,153,134,128,89,52,189,101,114,130,218,210,111,124,137,237,0,1,5,0,5,212,180,206,156,152,210,112,129,137,242,kWh pro m²
9777,"Ostallgäu, Landkreis",147,198,215,190,260,191,188,153,227,272,284,218,241,185,365,362,245,266,215,400,7,11,8,6,9,338,386,368,417,532,369,256,274,221,409,kWh pro m²
9778,"Unterallgäu, Landkreis",169,220,242,181,312,195,248,154,247,271,233,332,264,234,193,301,369,375,263,253,2,12,3,4,7,364,468,396,428,583,303,381,378,267,260,kWh pro m²
9779,"Donau-Ries, Landkreis",91,116,182,114,188,149,53,79,59,110,176,227,233,279,285,197,270,264,317,305,4,3,10,18,28,240,169,261,173,298,201,273,274,335,333,kWh pro m²
9780,"Oberallgäu, Landkreis",138,128,152,143,100,162,98,141,226,146,174,135,162,188,129,218,280,232,259,206,3,12,15,4,8,300,226,293,369,246,221,292,247,263,214,kWh pro m²
10041,"Saarbrücken, Regionalverband",90,163,102,146,107,8,45,5,21,16,179,142,160,226,115,267,210,282,359,140,5,4,2,19,1,98,208,107,167,123,272,214,284,378,141,kWh pro m²
10042,"Merzig-Wadern, Landkreis",126,143,181,164,172,15,27,21,19,32,61,89,57,48,69,66,198,59,64,74,17,6,5,16,5,141,170,202,183,204,83,204,64,80,79,kWh pro m²
10043,"Neunkirchen, Landkreis",49,38,63,85,78,5,6,25,14,14,64,101,49,79,50,69,108,60,81,51,0,1,2,4,4,54,44,88,99,92,69,109,62,85,55,kWh pro m²
10044,"Saarlouis, Landkreis",116,121,157,239,180,21,28,14,29,19,146,126,101,99,99,291,168,157,187,182,3,6,8,7,4,137,149,171,268,199,294,174,165,194,186,kWh pro m²
10045,Saarpfalz-Kreis,46,30,89,106,147,22,24,9,6,12,133,86,112,106,115,140,95,141,127,124,4,0,2,3,7,68,54,98,112,159,144,95,143,130,131,kWh pro m²
10046,"St. Wendel, Landkreis",41,62,65,95,97,10,9,19,8,9,30,47,22,56,43,54,51,26,63,48,7,4,3,10,18,51,71,84,103,106,61,55,29,73,66,kWh pro m²
12051,"Brandenburg an der Havel, kreisfreie Stadt",8,23,35,15,28,22,23,23,18,14,85,54,86,49,90,97,55,94,59,94,0,0,0,0,1,30,46,58,33,42,97,55,94,59,95,kWh pro m²
12052,"Cottbus, kreisfreie Stadt",8,36,16,5,14,44,29,67,28,75,57,61,101,102,52,103,132,330,179,123,2,0,2,0,2,52,65,83,33,89,105,132,332,179,125,kWh pro m²
12053,"Frankfurt (Oder), kreisfreie Stadt",43,6,6,10,23,3,5,3,2,4,30,39,14,11,30,36,63,63,66,67,0,0,2,0,0,46,11,9,12,27,36,63,65,66,67,kWh pro m²
12054,"Potsdam, kreisfreie Stadt",27,49,59,103,39,67,60,62,40,34,427,168,196,213,190,1112,1274,1286,1353,699,0,3,1,1,13,94,109,121,143,73,1112,1277,1287,1354,712,kWh pro m²
12060,"Barnim, Landkreis",121,120,228,269,142,77,70,91,87,68,632,620,623,564,457,741,638,780,643,639,6,4,4,2,1,198,190,319,356,210,747,642,784,645,640,kWh pro m²
12061,"Dahme-Spreewald, Landkreis",103,128,160,220,180,82,89,87,109,93,590,458,534,512,708,703,631,715,1084,1362,3,5,4,4,5,185,217,247,329,273,706,636,719,1088,1367,kWh pro m²
12062,"Elbe-Elster, Landkreis",11,23,37,25,36,29,17,30,36,43,48,33,42,42,34,55,41,83,42,34,0,0,1,0,2,40,40,67,61,79,55,41,84,42,36,kWh pro m²
12063,"Havelland, Landkreis",144,131,155,210,217,82,94,91,79,92,525,425,402,390,466,538,454,417,404,571,2,17,1,4,5,226,225,246,289,309,540,471,418,408,576,kWh pro m²
12064,"Märkisch-Oderland, Landkreis",143,157,180,196,204,87,93,121,48,52,739,421,356,407,324,780,490,460,533,366,3,2,1,4,3,230,250,301,244,256,783,492,461,537,369,kWh pro m²
12065,"Oberhavel, Landkreis",101,149,166,169,228,36,57,71,127,54,378,416,411,417,343,434,545,554,457,481,3,1,3,5,6,137,206,237,296,282,437,546,557,462,487,kWh pro m²
12066,"Oberspreewald-Lausitz, Landkreis",14,25,39,29,21,25,24,44,24,31,52,76,44,66,38,55,124,44,67,49,0,2,0,0,0,39,49,83,53,52,55,126,44,67,49,kWh pro m²
12067,"Oder-Spree, Landkreis",50,95,95,97,169,64,84,63,63,62,519,422,474,405,335,523,426,483,412,414,0,3,1,4,5,114,179,158,160,231,523,429,484,416,419,kWh pro m²
12068,"Ostprignitz-Ruppin, Landkreis",17,27,27,15,40,15,27,53,21,37,78,64,48,58,78,129,211,75,78,134,3,2,0,0,5,32,54,80,36,77,132,213,75,78,139,kWh pro m²
12069,"Potsdam-Mittelmark, Landkreis",177,186,208,225,238,117,124,117,124,103,468,564,354,452,316,643,626,741,645,395,6,12,1,2,8,294,310,325,349,341,649,638,742,647,403,kWh pro m²
12070,"Prignitz, Landkreis",14,9,4,17,13,20,24,19,20,32,71,44,47,64,40,73,44,47,64,40,0,0,0,0,0,34,33,23,37,45,73,44,47,64,40,kWh pro m²
12071,"Spree-Neiße, Landkreis",26,17,28,21,33,73,56,82,88,89,111,81,68,46,86,127,88,74,69,105,1,0,0,1,3,99,73,110,109,122,128,88,74,70,108,kWh pro m²
12072,"Teltow-Fläming, Landkreis",106,168,182,231,194,94,68,115,75,78,430,445,375,319,488,454,495,439,355,575,0,0,2,11,1,200,236,297,306,272,454,495,441,366,576,kWh pro m²
12073,"Uckermark, Landkreis",14,29,41,33,52,36,34,18,35,12,87,81,95,89,126,138,255,216,127,156,4,3,1,1,2,50,63,59,68,64,142,258,217,128,158,kWh pro m²
13001,"Greifswald, Hansestadt,  kreisfreie Stadt",0,0,0,0,0,0,0,0,0,0,0,0,0,0,0,0,0,0,0,0,0,0,0,0,0,0,0,0,0,0,0,0,0,0,0,kWh pro m²
13002,"Neubrandenburg, Stadt,  kreisfreie Stadt",0,0,0,0,0,0,0,0,0,0,0,0,0,0,0,0,0,0,0,0,0,0,0,0,0,0,0,0,0,0,0,0,0,0,0,kWh pro m²
13003,"Rostock, Hanse- und Universitätsstadt, kreisfreie Stadt",19,28,12,8,14,8,63,57,30,20,185,71,133,75,68,421,456,568,998,991,0,2,0,13,14,27,91,69,38,34,421,458,568,1011,1005,kWh pro m²
13004,"Schwerin, Landeshauptstadt, kreisfreie Stadtk",8,8,13,5,21,2,8,3,1,1,65,27,57,44,54,213,139,249,284,569,1,0,0,0,0,10,16,16,6,22,214,139,249,284,569,kWh pro m²
13005,"Stralsund, Hansestadt,  kreisfreie Stadt",0,0,0,0,0,0,0,0,0,0,0,0,0,0,0,0,0,0,0,0,0,0,0,0,0,0,0,0,0,0,0,0,0,0,0,kWh pro m²
13006,"Wismar, Hansestadt,  kreisfreie Stadt",0,0,0,0,0,0,0,0,0,0,0,0,0,0,0,0,0,0,0,0,0,0,0,0,0,0,0,0,0,0,0,0,0,0,0,kWh pro m²
13051,"Bad Doberan, Landkreis",0,0,0,0,0,0,0,0,0,0,0,0,0,0,0,0,0,0,0,0,0,0,0,0,0,0,0,0,0,0,0,0,0,0,0,kWh pro m²
13052,Landkreis Demmin,0,0,0,0,0,0,0,0,0,0,0,0,0,0,0,0,0,0,0,0,0,0,0,0,0,0,0,0,0,0,0,0,0,0,0,kWh pro m²
13053,"Güstrow, Landkreis",0,0,0,0,0,0,0,0,0,0,0,0,0,0,0,0,0,0,0,0,0,0,0,0,0,0,0,0,0,0,0,0,0,0,0,kWh pro m²
13054,Landkreis Ludwigslust,0,0,0,0,0,0,0,0,0,0,0,0,0,0,0,0,0,0,0,0,0,0,0,0,0,0,0,0,0,0,0,0,0,0,0,kWh pro m²
13055,"Mecklenburg-Strelitz, Landkreis",0,0,0,0,0,0,0,0,0,0,0,0,0,0,0,0,0,0,0,0,0,0,0,0,0,0,0,0,0,0,0,0,0,0,0,kWh pro m²
13056,Landkreis Müritz,0,0,0,0,0,0,0,0,0,0,0,0,0,0,0,0,0,0,0,0,0,0,0,0,0,0,0,0,0,0,0,0,0,0,0,kWh pro m²
13057,"Nordvorpommern, Landkreis",0,0,0,0,0,0,0,0,0,0,0,0,0,0,0,0,0,0,0,0,0,0,0,0,0,0,0,0,0,0,0,0,0,0,0,kWh pro m²
13058,Landkreis Nordwestmecklenburg,0,0,0,0,0,0,0,0,0,0,0,0,0,0,0,0,0,0,0,0,0,0,0,0,0,0,0,0,0,0,0,0,0,0,0,kWh pro m²
13059,"Ostvorpommern, Landkreis",0,0,0,0,0,0,0,0,0,0,0,0,0,0,0,0,0,0,0,0,0,0,0,0,0,0,0,0,0,0,0,0,0,0,0,kWh pro m²
13060,Landkreis Parchim,0,0,0,0,0,0,0,0,0,0,0,0,0,0,0,0,0,0,0,0,0,0,0,0,0,0,0,0,0,0,0,0,0,0,0,kWh pro m²
13061,"Rügen, Landkreis",0,0,0,0,0,0,0,0,0,0,0,0,0,0,0,0,0,0,0,0,0,0,0,0,0,0,0,0,0,0,0,0,0,0,0,kWh pro m²
13062,Landkreis Uecker-Randow,0,0,0,0,0,0,0,0,0,0,0,0,0,0,0,0,0,0,0,0,0,0,0,0,0,0,0,0,0,0,0,0,0,0,0,kWh pro m²
13071,"Mecklenburgische Seenplatte, Landkreis",39,60,55,48,97,42,46,48,23,69,198,203,237,152,285,326,391,426,262,461,4,6,4,1,7,81,106,103,71,166,330,397,430,263,468,kWh pro m²
13072,Landkreis Rostock,76,108,182,186,241,46,44,74,53,78,353,328,384,401,513,436,439,540,621,687,14,32,10,6,35,122,152,256,239,319,450,471,550,627,722,kWh pro m²
13073,"Vorpommern-Rügen, Landkreis",75,112,157,93,226,80,126,62,48,94,732,596,495,558,883,756,680,565,692,1145,2,8,3,6,6,155,238,219,141,320,758,688,568,698,1151,kWh pro m²
13074,Landkreis Nordwestmecklenburg,46,100,113,130,225,110,114,51,58,76,392,244,241,310,710,404,273,259,364,737,10,5,6,5,17,156,214,164,188,301,414,278,265,369,754,kWh pro m²
13075,"Vorpommern-Greifswald, Landkreis",102,99,163,134,250,77,82,65,32,108,455,326,279,329,257,712,579,554,435,434,5,21,17,3,14,179,181,228,166,358,717,600,571,438,448,kWh pro m²
13076,Landkreis Ludwigslust-Parchim,36,39,58,68,56,62,35,55,73,57,206,184,222,192,249,269,235,237,197,253,2,3,4,2,6,98,74,113,141,113,271,238,241,199,259,kWh pro m²
14161,"Chemnitz, kreisfreie Stadt",0,0,0,0,0,0,0,0,0,0,0,0,0,0,0,0,0,0,0,0,0,0,0,0,0,0,0,0,0,0,0,0,0,0,0,kWh pro m²
14166,"Plauen, kreisfreie Stadt",0,0,0,0,0,0,0,0,0,0,0,0,0,0,0,0,0,0,0,0,0,0,0,0,0,0,0,0,0,0,0,0,0,0,0,kWh pro m²
14167,"Zwickau, kreisfreie Stadt",0,0,0,0,0,0,0,0,0,0,0,0,0,0,0,0,0,0,0,0,0,0,0,0,0,0,0,0,0,0,0,0,0,0,0,kWh pro m²
14171,"Annaberg, Landkreis",0,0,0,0,0,0,0,0,0,0,0,0,0,0,0,0,0,0,0,0,0,0,0,0,0,0,0,0,0,0,0,0,0,0,0,kWh pro m²
14173,"Chemnitzer Land, Landkreis",0,0,0,0,0,0,0,0,0,0,0,0,0,0,0,0,0,0,0,0,0,0,0,0,0,0,0,0,0,0,0,0,0,0,0,kWh pro m²
14177,"Freiberg, Landkreis",0,0,0,0,0,0,0,0,0,0,0,0,0,0,0,0,0,0,0,0,0,0,0,0,0,0,0,0,0,0,0,0,0,0,0,kWh pro m²
14178,Vogtlandkreis,0,0,0,0,0,0,0,0,0,0,0,0,0,0,0,0,0,0,0,0,0,0,0,0,0,0,0,0,0,0,0,0,0,0,0,kWh pro m²
14181,Mittlerer Erzgebirgskreis,0,0,0,0,0,0,0,0,0,0,0,0,0,0,0,0,0,0,0,0,0,0,0,0,0,0,0,0,0,0,0,0,0,0,0,kWh pro m²
14182,"Mittweida, Landkreis",0,0,0,0,0,0,0,0,0,0,0,0,0,0,0,0,0,0,0,0,0,0,0,0,0,0,0,0,0,0,0,0,0,0,0,kWh pro m²
14188,"Stollberg, Landkreis",0,0,0,0,0,0,0,0,0,0,0,0,0,0,0,0,0,0,0,0,0,0,0,0,0,0,0,0,0,0,0,0,0,0,0,kWh pro m²
14191,"Aue-Schwarzenberg, Landkreis",0,0,0,0,0,0,0,0,0,0,0,0,0,0,0,0,0,0,0,0,0,0,0,0,0,0,0,0,0,0,0,0,0,0,0,kWh pro m²
14193,"Zwickauer Land, Landkreis",0,0,0,0,0,0,0,0,0,0,0,0,0,0,0,0,0,0,0,0,0,0,0,0,0,0,0,0,0,0,0,0,0,0,0,kWh pro m²
14262,"Dresden, kreisfreie Stadt",0,0,0,0,0,0,0,0,0,0,0,0,0,0,0,0,0,0,0,0,0,0,0,0,0,0,0,0,0,0,0,0,0,0,0,kWh pro m²
14263,"Görlitz, kreisfreie Stadt",0,0,0,0,0,0,0,0,0,0,0,0,0,0,0,0,0,0,0,0,0,0,0,0,0,0,0,0,0,0,0,0,0,0,0,kWh pro m²
14264,"Hoyerswerda, kreisfreie Stadt",0,0,0,0,0,0,0,0,0,0,0,0,0,0,0,0,0,0,0,0,0,0,0,0,0,0,0,0,0,0,0,0,0,0,0,kWh pro m²
14272,"Bautzen, Landkreis",0,0,0,0,0,0,0,0,0,0,0,0,0,0,0,0,0,0,0,0,0,0,0,0,0,0,0,0,0,0,0,0,0,0,0,kWh pro m²
14280,"Meißen, Landkreis",0,0,0,0,0,0,0,0,0,0,0,0,0,0,0,0,0,0,0,0,0,0,0,0,0,0,0,0,0,0,0,0,0,0,0,kWh pro m²
14284,Niederschlesischer Oberlausitzkreis,0,0,0,0,0,0,0,0,0,0,0,0,0,0,0,0,0,0,0,0,0,0,0,0,0,0,0,0,0,0,0,0,0,0,0,kWh pro m²
14285,"Riesa-Großenhain, Landkreis",0,0,0,0,0,0,0,0,0,0,0,0,0,0,0,0,0,0,0,0,0,0,0,0,0,0,0,0,0,0,0,0,0,0,0,kWh pro m²
14286,"Löbau-Zittau, Landkreis",0,0,0,0,0,0,0,0,0,0,0,0,0,0,0,0,0,0,0,0,0,0,0,0,0,0,0,0,0,0,0,0,0,0,0,kWh pro m²
14287,"Sächsische Schweiz, Landkreis",0,0,0,0,0,0,0,0,0,0,0,0,0,0,0,0,0,0,0,0,0,0,0,0,0,0,0,0,0,0,0,0,0,0,0,kWh pro m²
14290,Weißeritzkreis,0,0,0,0,0,0,0,0,0,0,0,0,0,0,0,0,0,0,0,0,0,0,0,0,0,0,0,0,0,0,0,0,0,0,0,kWh pro m²
14292,"Kamenz, Landkreis",0,0,0,0,0,0,0,0,0,0,0,0,0,0,0,0,0,0,0,0,0,0,0,0,0,0,0,0,0,0,0,0,0,0,0,kWh pro m²
14365,"Leipzig, kreisfreie Stadt",0,0,0,0,0,0,0,0,0,0,0,0,0,0,0,0,0,0,0,0,0,0,0,0,0,0,0,0,0,0,0,0,0,0,0,kWh pro m²
14374,"Delitzsch, Landkreis",0,0,0,0,0,0,0,0,0,0,0,0,0,0,0,0,0,0,0,0,0,0,0,0,0,0,0,0,0,0,0,0,0,0,0,kWh pro m²
14375,"Döbeln, Landkreis",0,0,0,0,0,0,0,0,0,0,0,0,0,0,0,0,0,0,0,0,0,0,0,0,0,0,0,0,0,0,0,0,0,0,0,kWh pro m²
14379,"Leipziger Land, Landkreis",0,0,0,0,0,0,0,0,0,0,0,0,0,0,0,0,0,0,0,0,0,0,0,0,0,0,0,0,0,0,0,0,0,0,0,kWh pro m²
14383,Muldentalkreis,0,0,0,0,0,0,0,0,0,0,0,0,0,0,0,0,0,0,0,0,0,0,0,0,0,0,0,0,0,0,0,0,0,0,0,kWh pro m²
14389,"Torgau-Oschatz, Landkreis",0,0,0,0,0,0,0,0,0,0,0,0,0,0,0,0,0,0,0,0,0,0,0,0,0,0,0,0,0,0,0,0,0,0,0,kWh pro m²
14511,"Chemnitz, Stadt",67,89,62,52,63,46,121,21,67,24,177,180,141,120,129,192,267,283,319,209,1,1,1,4,2,113,210,83,119,87,193,268,284,323,211,kWh pro m²
14521,Erzgebirgskreis,81,92,131,132,134,103,63,99,96,69,190,150,234,147,178,197,188,258,213,188,4,6,11,1,7,184,155,230,228,203,201,194,269,214,195,kWh pro m²
14522,"Mittelsachsen, Landkreis",93,83,101,109,118,65,44,64,58,101,179,130,172,149,169,188,145,199,152,176,0,4,2,2,5,158,127,165,167,219,188,149,201,154,181,kWh pro m²
14523,Vogtlandkreis,44,50,110,82,97,44,15,50,26,34,111,59,87,90,81,114,60,91,91,87,5,13,23,15,22,88,65,160,108,131,119,73,114,106,109,kWh pro m²
14524,"Zwickau, Landkreis",94,96,86,91,192,49,66,83,40,58,156,163,111,99,101,218,191,154,109,142,4,3,4,4,10,143,162,169,131,250,222,194,158,113,152,kWh pro m²
14612,"Dresden, Stadt",90,135,200,106,138,249,116,127,182,71,328,405,248,218,377,1990,1588,1456,1618,2266,14,7,0,3,5,339,251,327,288,209,2004,1595,1456,1621,2271,kWh pro m²
14625,"Bautzen, Landkreis",108,124,104,131,116,89,84,95,71,69,177,200,144,131,218,242,234,162,195,365,46,8,3,8,6,197,208,199,202,185,288,242,165,203,371,kWh pro m²
14626,"Görlitz, Landkreis",41,29,33,45,59,36,31,25,26,71,52,55,51,67,46,57,73,63,76,91,2,0,1,2,1,77,60,58,71,130,59,73,64,78,92,kWh pro m²
14627,"Meißen, Landkreis",111,104,104,144,156,74,90,112,109,97,190,103,110,110,192,344,199,162,161,274,9,5,12,3,1,185,194,216,253,253,353,204,174,164,275,kWh pro m²
14628,"Sächsische Schweiz-Osterzgebirge, Landkreis",110,113,88,102,119,103,72,79,90,49,232,145,214,143,145,248,162,274,156,145,0,0,4,0,1,213,185,167,192,168,248,162,278,156,146,kWh pro m²
14713,"Leipzig, Stadt",156,165,95,111,138,90,84,125,76,79,439,380,386,529,363,662,881,1245,1212,2146,7,3,5,6,5,246,249,220,187,217,669,884,1250,1218,2151,kWh pro m²
14729,"Leipzig, Landkreis",199,105,147,342,300,121,143,104,171,115,427,166,197,389,181,430,168,222,435,244,5,0,7,12,6,320,248,251,513,415,435,168,229,447,250,kWh pro m²
14730,"Nordsachsen, Landkreis",94,153,140,141,233,57,128,89,80,115,189,194,103,126,171,192,199,151,224,262,0,2,2,3,6,151,281,229,221,348,192,201,153,227,268,kWh pro m²
15001,"Dessau-Roßlau, kreisfreie Stadt",9,16,9,25,28,4,5,3,4,12,24,42,33,26,32,63,43,58,40,68,1,0,0,0,0,13,21,12,29,40,64,43,58,40,68,kWh pro m²
15002,"Halle (Saale), kreisfreie Stadt",29,73,32,40,80,121,35,63,27,27,175,191,95,88,45,179,427,212,169,264,1,1,1,3,2,150,108,95,67,107,180,428,213,172,266,kWh pro m²
15003,"Magdeburg, kreisfreie Stadt",91,125,136,127,123,29,33,29,21,17,152,173,112,262,136,195,274,176,535,184,0,0,1,1,1,120,158,165,148,140,195,274,177,536,185,kWh pro m²
15081,Altmarkkreis Salzwedel,10,13,23,18,30,14,25,19,37,37,59,49,44,88,41,60,50,45,125,49,1,0,0,1,0,24,38,42,55,67,61,50,45,126,49,kWh pro m²
15082,"Anhalt-Bitterfeld, Landkreis",89,60,81,152,103,66,20,29,33,26,79,127,91,54,29,83,150,131,85,54,0,2,1,13,4,155,80,110,185,129,83,152,132,98,58,kWh pro m²
15083,"Börde, Landkreis",80,122,119,133,145,33,72,53,65,34,185,192,205,204,158,188,236,288,270,177,4,2,3,4,6,113,194,172,198,179,192,238,291,274,183,kWh pro m²
15084,Burgenlandkreis,55,74,118,108,124,13,8,20,25,35,66,84,37,52,38,67,89,63,82,46,2,0,1,2,1,68,82,138,133,159,69,89,64,84,47,kWh pro m²
15085,"Harz, Landkreis",52,65,101,86,93,51,30,20,23,17,272,179,255,211,179,305,201,263,367,195,1,1,2,2,0,103,95,121,109,110,306,202,265,369,195,kWh pro m²
15086,"Jerichower Land, Landkreis",39,64,56,45,100,43,39,35,22,86,139,50,64,70,108,141,51,64,70,111,2,1,1,2,3,82,103,91,67,186,143,52,65,72,114,kWh pro m²
15087,"Mansfeld-Südharz, Landkreis",35,28,37,44,41,26,8,22,11,11,30,35,62,37,27,31,35,63,39,51,3,5,4,3,0,61,36,59,55,52,34,40,67,42,51,kWh pro m²
15088,Saalekreis,95,107,139,172,233,39,33,31,30,23,145,87,67,87,96,148,99,86,108,156,4,3,6,5,3,134,140,170,202,256,152,102,92,113,159,kWh pro m²
15089,Salzlandkreis,40,62,76,79,82,21,15,18,14,21,84,98,47,76,80,145,216,57,162,89,1,4,5,2,2,61,77,94,93,103,146,220,62,164,91,kWh pro m²
15090,"Stendal, Landkreis",10,25,19,31,19,50,28,48,32,52,112,110,60,69,112,128,111,83,96,136,0,1,1,3,1,60,53,67,63,71,128,112,84,99,137,kWh pro m²
15091,"Wittenberg, Landkreis",21,48,42,43,43,11,20,26,12,24,49,69,49,56,42,49,72,50,58,42,2,3,1,0,1,32,68,68,55,67,51,75,51,58,43,kWh pro m²
15101,"Dessau, kreisfreie Stadt",0,0,0,0,0,0,0,0,0,0,0,0,0,0,0,0,0,0,0,0,0,0,0,0,0,0,0,0,0,0,0,0,0,0,0,kWh pro m²
15151,"Anhalt-Zerbst, Kreis",0,0,0,0,0,0,0,0,0,0,0,0,0,0,0,0,0,0,0,0,0,0,0,0,0,0,0,0,0,0,0,0,0,0,0,kWh pro m²
15153,"Bernburg, Kreis",0,0,0,0,0,0,0,0,0,0,0,0,0,0,0,0,0,0,0,0,0,0,0,0,0,0,0,0,0,0,0,0,0,0,0,kWh pro m²
15154,"Bitterfeld, Kreis",0,0,0,0,0,0,0,0,0,0,0,0,0,0,0,0,0,0,0,0,0,0,0,0,0,0,0,0,0,0,0,0,0,0,0,kWh pro m²
15159,"Köthen, Kreis",0,0,0,0,0,0,0,0,0,0,0,0,0,0,0,0,0,0,0,0,0,0,0,0,0,0,0,0,0,0,0,0,0,0,0,kWh pro m²
15171,"Wittenberg, Kreis",0,0,0,0,0,0,0,0,0,0,0,0,0,0,0,0,0,0,0,0,0,0,0,0,0,0,0,0,0,0,0,0,0,0,0,kWh pro m²
15202,"Halle (Saale), kreisfreie Stadt",0,0,0,0,0,0,0,0,0,0,0,0,0,0,0,0,0,0,0,0,0,0,0,0,0,0,0,0,0,0,0,0,0,0,0,kWh pro m²
15256,Burgenlandkreis,0,0,0,0,0,0,0,0,0,0,0,0,0,0,0,0,0,0,0,0,0,0,0,0,0,0,0,0,0,0,0,0,0,0,0,kWh pro m²
15260,"Mansfelder Land, Kreis",0,0,0,0,0,0,0,0,0,0,0,0,0,0,0,0,0,0,0,0,0,0,0,0,0,0,0,0,0,0,0,0,0,0,0,kWh pro m²
15261,"Merseburg-Querfurt, Kreis",0,0,0,0,0,0,0,0,0,0,0,0,0,0,0,0,0,0,0,0,0,0,0,0,0,0,0,0,0,0,0,0,0,0,0,kWh pro m²
15265,Saalkreis,0,0,0,0,0,0,0,0,0,0,0,0,0,0,0,0,0,0,0,0,0,0,0,0,0,0,0,0,0,0,0,0,0,0,0,kWh pro m²
15266,"Sangerhausen, Kreis",0,0,0,0,0,0,0,0,0,0,0,0,0,0,0,0,0,0,0,0,0,0,0,0,0,0,0,0,0,0,0,0,0,0,0,kWh pro m²
15268,"Weißenfels, Kreis",0,0,0,0,0,0,0,0,0,0,0,0,0,0,0,0,0,0,0,0,0,0,0,0,0,0,0,0,0,0,0,0,0,0,0,kWh pro m²
15303,"Magdeburg, kreisfreie Stadt",0,0,0,0,0,0,0,0,0,0,0,0,0,0,0,0,0,0,0,0,0,0,0,0,0,0,0,0,0,0,0,0,0,0,0,kWh pro m²
15352,"Aschersleben-Staßfurt, Kreis",0,0,0,0,0,0,0,0,0,0,0,0,0,0,0,0,0,0,0,0,0,0,0,0,0,0,0,0,0,0,0,0,0,0,0,kWh pro m²
15355,Bördekreis,0,0,0,0,0,0,0,0,0,0,0,0,0,0,0,0,0,0,0,0,0,0,0,0,0,0,0,0,0,0,0,0,0,0,0,kWh pro m²
15357,"Halberstadt, Kreis",0,0,0,0,0,0,0,0,0,0,0,0,0,0,0,0,0,0,0,0,0,0,0,0,0,0,0,0,0,0,0,0,0,0,0,kWh pro m²
15358,"Jerichower Land, Kreis",0,0,0,0,0,0,0,0,0,0,0,0,0,0,0,0,0,0,0,0,0,0,0,0,0,0,0,0,0,0,0,0,0,0,0,kWh pro m²
15362,Ohrekreis,0,0,0,0,0,0,0,0,0,0,0,0,0,0,0,0,0,0,0,0,0,0,0,0,0,0,0,0,0,0,0,0,0,0,0,kWh pro m²
15363,"Stendal, Kreis",0,0,0,0,0,0,0,0,0,0,0,0,0,0,0,0,0,0,0,0,0,0,0,0,0,0,0,0,0,0,0,0,0,0,0,kWh pro m²
15364,"Quedlinburg, Kreis",0,0,0,0,0,0,0,0,0,0,0,0,0,0,0,0,0,0,0,0,0,0,0,0,0,0,0,0,0,0,0,0,0,0,0,kWh pro m²
15367,"Schönebeck, Kreis",0,0,0,0,0,0,0,0,0,0,0,0,0,0,0,0,0,0,0,0,0,0,0,0,0,0,0,0,0,0,0,0,0,0,0,kWh pro m²
15369,"Wernigerode, Kreis",0,0,0,0,0,0,0,0,0,0,0,0,0,0,0,0,0,0,0,0,0,0,0,0,0,0,0,0,0,0,0,0,0,0,0,kWh pro m²
15370,"Altmarkkreis Salzwedel, Kreis",0,0,0,0,0,0,0,0,0,0,0,0,0,0,0,0,0,0,0,0,0,0,0,0,0,0,0,0,0,0,0,0,0,0,0,kWh pro m²
16051,"Erfurt, kreisfreie Stadt",53,51,40,31,47,11,41,20,17,22,117,194,118,49,66,183,314,372,185,222,7,4,1,0,5,64,92,60,48,69,190,318,373,185,227,kWh pro m²
16052,"Gera, kreisfreie Stadt",19,16,11,21,28,11,2,2,3,6,58,34,22,18,14,60,34,23,133,68,0,0,1,1,1,30,18,13,24,34,60,34,24,134,69,kWh pro m²
16053,"Jena, kreisfreie Stadt",38,33,27,24,25,6,15,10,5,4,211,93,231,56,90,394,244,339,232,215,2,1,0,1,0,44,48,37,29,29,396,245,339,233,215,kWh pro m²
16054,"Suhl, kreisfreie Stadt",7,5,2,7,13,3,5,5,7,17,32,4,8,64,35,32,4,8,103,36,0,0,0,0,1,10,10,7,14,30,32,4,8,103,37,kWh pro m²
16055,"Weimar, kreisfreie Stadt",19,10,15,33,62,14,3,9,10,3,87,53,123,206,77,99,57,123,206,77,2,0,3,3,0,33,13,24,43,65,101,57,126,209,77,kWh pro m²
16056,"Eisenach, kreisfreie Stadt",13,31,1,6,25,2,2,2,1,1,28,17,28,35,29,28,17,28,67,29,1,0,0,1,10,15,33,3,7,26,29,17,28,68,39,kWh pro m²
16061,"Eichsfeld, Kreis",19,51,33,42,38,17,21,23,11,23,152,154,133,167,180,155,157,145,169,183,8,3,6,8,2,36,72,56,53,61,163,160,151,177,185,kWh pro m²
16062,"Nordhausen, Kreis",31,16,28,42,39,2,7,8,10,3,38,51,50,67,41,40,90,50,69,71,0,1,1,1,0,33,23,36,52,42,40,91,51,70,71,kWh pro m²
16063,Wartburgkreis,66,77,94,63,106,26,11,22,14,16,79,64,61,84,85,84,75,71,86,90,2,0,4,3,0,92,88,116,77,122,86,75,75,89,90,kWh pro m²
16064,Unstrut-Hainich-Kreis,45,43,44,39,53,21,12,26,12,14,115,127,92,90,144,118,127,95,93,145,1,1,0,0,3,66,55,70,51,67,119,128,95,93,148,kWh pro m²
16065,Kyffhäuserkreis,11,16,17,40,23,4,9,4,2,13,38,29,31,19,42,40,31,32,20,43,1,0,2,0,0,15,25,21,42,36,41,31,34,20,43,kWh pro m²
16066,"Schmalkalden-Meiningen, Kreis",37,47,49,32,60,20,18,18,18,13,57,56,49,78,85,64,59,87,90,88,0,3,3,0,1,57,65,67,50,73,64,62,90,90,89,kWh pro m²
16067,"Gotha, Kreis",42,30,60,53,79,9,26,30,11,7,66,71,64,108,82,96,74,90,172,82,1,2,0,0,3,51,56,90,64,86,97,76,90,172,85,kWh pro m²
16068,"Sömmerda, Kreis",42,34,44,45,46,27,28,16,20,12,58,33,36,57,35,93,79,39,89,42,0,1,0,2,1,69,62,60,65,58,93,80,39,91,43,kWh pro m²
16069,"Hildburghausen, Kreis",19,20,19,25,34,19,22,15,16,16,25,27,33,28,44,26,27,34,30,44,1,0,0,0,2,38,42,34,41,50,27,27,34,30,46,kWh pro m²
16070,Ilm-Kreis,70,52,83,61,65,20,18,18,18,18,90,107,62,94,52,99,167,63,251,82,3,1,2,2,2,90,70,101,79,83,102,168,65,253,84,kWh pro m²
16071,"Weimarer Land, Kreis",50,79,60,64,100,20,14,18,21,16,42,101,94,63,51,42,104,96,80,54,2,2,3,1,0,70,93,78,85,116,44,106,99,81,54,kWh pro m²
16072,"Sonneberg, Kreis",4,9,10,8,15,7,4,7,4,4,13,22,21,19,11,15,22,21,84,30,0,0,0,0,0,11,13,17,12,19,15,22,21,84,30,kWh pro m²
16073,"Saalfeld-Rudolstadt, Kreis",27,28,30,10,85,22,9,5,4,18,43,45,48,12,56,56,100,48,12,79,0,0,1,0,4,49,37,35,14,103,56,100,49,12,83,kWh pro m²
16074,Saale-Holzland-Kreis,21,43,52,36,61,16,7,24,13,32,34,39,35,44,36,41,42,85,46,38,0,0,1,0,0,37,50,76,49,93,41,42,86,46,38,kWh pro m²
16075,Saale-Orla-Kreis,11,10,12,30,19,14,7,14,10,10,30,32,22,40,35,33,32,26,42,39,0,2,1,0,1,25,17,26,40,29,33,34,27,42,40,kWh pro m²
16076,"Greiz, Kreis",24,22,25,31,39,44,15,34,12,39,40,42,26,19,67,42,43,30,21,69,0,0,0,0,1,68,37,59,43,78,42,43,30,21,70,kWh pro m²
16077,"Altenburger Land, Kreis",13,21,24,17,24,8,13,11,5,10,77,31,26,24,101,80,34,31,135,102,0,0,6,1,1,21,34,35,22,34,80,34,37,136,103,kWh pro m²
3241001,"Hannover, Landeshauptstadt",61,37,92,116,53,29,22,48,144,10,274,464,528,261,505,574,680,1047,777,1073,23,0,0,36,0,90,59,140,260,63,597,680,1047,813,1073,kWh pro m²
5334002,"Aachen, krfr. Stadt",67,11,80,66,44,7,74,63,274,9,212,224,650,175,339,316,392,664,322,401,0,0,1,2,0,74,85,143,340,53,316,392,665,324,401,kWh pro m²
10041100,"Saarbrücken, Landeshauptstadt",40,78,45,45,47,3,31,0,15,9,95,59,91,163,51,122,119,207,283,52,3,0,0,17,0,43,109,45,60,56,125,119,207,300,52,kWh pro m²
11001001,Berlin-Mitte,0,0,0,0,1,0,0,0,268,0,0,0,52,199,146,0,0,1980,3500,1665,0,0,0,0,0,0,0,0,268,1,0,0,1980,3500,1665,kWh pro m²
11002002,Berlin-Friedrichshain-Kreuzberg,0,0,0,0,0,0,0,30,0,0,0,0,557,6,401,0,0,1272,742,1171,0,0,0,0,0,0,0,30,0,0,0,0,1272,742,1171,kWh pro m²
11003003,Berlin-Pankow,0,0,36,59,80,0,0,105,189,40,0,0,379,877,840,0,0,1006,1503,1460,0,0,0,0,0,0,0,141,248,120,0,0,1006,1503,1460,kWh pro m²
11004004,Berlin-Charlottenburg-Wilmersdorf,0,0,1,5,3,0,0,2,14,9,0,0,49,373,528,0,0,785,786,1335,0,0,1,0,0,0,0,3,19,12,0,0,786,786,1335,kWh pro m²
11005005,Berlin-Spandau,0,0,34,29,57,0,0,10,4,8,0,0,143,268,70,0,0,1106,658,437,0,0,2,0,0,0,0,44,33,65,0,0,1108,658,437,kWh pro m²
11006006,Berlin-Steglitz-Zehlendorf,0,0,20,10,10,0,0,9,10,57,0,0,173,66,54,0,0,295,252,206,0,0,0,1,0,0,0,29,20,67,0,0,295,253,206,kWh pro m²
11007007,Berlin-Tempelhof-Schöneberg,0,0,23,66,10,0,0,35,54,21,0,0,213,380,742,0,0,488,570,808,0,0,0,1,0,0,0,58,120,31,0,0,488,571,808,kWh pro m²
11008008,Berlin-Neukölln,0,0,28,24,12,0,0,13,3,3,0,0,416,160,32,0,0,697,721,485,0,0,3,0,0,0,0,41,27,15,0,0,700,721,485,kWh pro m²
11009009,Berlin-Treptow-Köpenick,0,0,77,95,120,0,0,33,86,181,0,0,920,643,642,0,0,2058,2482,1431,0,0,7,1,27,0,0,110,181,301,0,0,2065,2483,1458,kWh pro m²
11010010,Berlin-Marzahn-Hellersdorf,0,0,107,104,157,0,0,32,20,15,0,0,335,545,170,0,0,741,1813,1643,0,0,0,1,0,0,0,139,124,172,0,0,741,1814,1643,kWh pro m²
11011011,Berlin-Lichtenberg,0,0,51,40,26,0,0,3,3,22,0,0,127,494,107,0,0,1643,1758,1914,0,0,0,0,2,0,0,54,43,48,0,0,1643,1758,1916,kWh pro m²
11012012,Berlin-Reinickendorf,0,0,58,22,25,0,0,16,38,14,0,0,186,61,258,0,0,187,244,399,0,0,1,1,3,0,0,74,60,39,0,0,188,245,402,kWh pro m²
